0 0.11640625 0.14404296875 0.046875 0.056640625
0 0.1828125 0.15625 0.042578125 0.04150390625
0 0.2453125 0.1591796875 0.037109375 0.04052734375
0 0.30546875 0.16064453125 0.030859375 0.04150390625
0 0.3765625 0.16162109375 0.03125 0.0400390625
0 0.4390625 0.16357421875 0.026953125 0.037109375
0 0.496875 0.169921875 0.038671875 0.04052734375
0 0.55625 0.1767578125 0.037890625 0.04248046875
0 0.619140625 0.18017578125 0.03515625 0.04345703125
0 0.675 0.17919921875 0.03203125 0.05029296875
0 0.73046875 0.181640625 0.034765625 0.04443359375
0 0.789453125 0.18798828125 0.018359375 0.029296875
0 0.854296875 0.19140625 0.0328125 0.04150390625
0 0.909765625 0.19189453125 0.037890625 0.04443359375
0 0.962890625 0.1982421875 0.034765625 0.03515625
0 0.98203125 0.31640625 0.028125 0.0380859375
0 0.926953125 0.31884765625 0.030859375 0.0400390625
0 0.868359375 0.31591796875 0.034765625 0.03369140625
0 0.8046875 0.314453125 0.03125 0.029296875
0 0.747265625 0.3154296875 0.025390625 0.0361328125
0 0.626953125 0.3037109375 0.02890625 0.03369140625
0 0.57109375 0.3046875 0.03671875 0.04150390625
0 0.5078125 0.30126953125 0.03125 0.03466796875
0 0.4421875 0.29833984375 0.02421875 0.0390625
0 0.37890625 0.2919921875 0.033984375 0.04052734375
0 0.317578125 0.28564453125 0.03125 0.0390625
0 0.246875 0.28857421875 0.0328125 0.0390625
0 0.177734375 0.283203125 0.046875 0.04052734375
0 0.50703125 0.42236328125 0.029296875 0.0380859375
0 0.57265625 0.427734375 0.02734375 0.0361328125
0 0.630859375 0.4306640625 0.030078125 0.03271484375
0 0.69453125 0.43408203125 0.03203125 0.03271484375
0 0.758984375 0.43505859375 0.03125 0.03076171875
0 0.817578125 0.43603515625 0.033984375 0.029296875
0 0.875390625 0.43896484375 0.03203125 0.0283203125
0 0.93203125 0.44384765625 0.03671875 0.0400390625
0 0.987109375 0.447265625 0.025 0.046875
0 0.05078125 0.42041015625 0.044921875 0.04443359375
0 0.041015625 0.28076171875 0.033984375 0.03369140625
0 0.1109375 0.2802734375 0.05234375 0.05908203125
0 0.119140625 0.42138671875 0.041015625 0.0390625
0 0.186328125 0.42236328125 0.0328125 0.03466796875
0 0.257421875 0.42333984375 0.0328125 0.03271484375
0 0.319921875 0.42138671875 0.037109375 0.0390625
0 0.37890625 0.421875 0.0328125 0.0361328125
0 0.448046875 0.42578125 0.028125 0.03369140625
0 0.037109375 0.0224609375 0.042578125 0.04345703125
0 0.10703125 0.02294921875 0.0484375 0.04443359375
0 0.18046875 0.02490234375 0.045703125 0.0458984375
0 0.248828125 0.03076171875 0.042578125 0.06005859375
0 0.316796875 0.0302734375 0.042578125 0.056640625
0 0.44296875 0.04296875 0.040625 0.06103515625
0 0.505859375 0.05322265625 0.03125 0.0546875
0 0.56328125 0.05615234375 0.03515625 0.046875
0 0.623046875 0.0615234375 0.04765625 0.05224609375
0 0.694921875 0.06396484375 0.03203125 0.05224609375
0 0.7625 0.06494140625 0.03203125 0.05029296875
0 0.8234375 0.0673828125 0.0328125 0.05322265625
0 0.884765625 0.06591796875 0.038671875 0.06640625
0 0.946875 0.07373046875 0.0328125 0.0576171875
0 0.041015625 0.55712890625 0.04296875 0.029296875
0 0.1890625 0.56005859375 0.0328125 0.0458984375
0 0.271484375 0.55224609375 0.0359375 0.0478515625
0 0.342578125 0.5634765625 0.022265625 0.02734375
0 0.460546875 0.56494140625 0.034765625 0.0556640625
0 0.5921875 0.564453125 0.040625 0.03515625
0 0.652734375 0.5654296875 0.033203125 0.04052734375
0 0.720703125 0.568359375 0.034765625 0.0458984375
0 0.89140625 0.57568359375 0.026171875 0.02392578125
0 0.825 0.69384765625 0.025390625 0.0302734375
0 0.889453125 0.69384765625 0.041796875 0.03515625
0 0.945703125 0.69384765625 0.025 0.03515625
0 0.7015625 0.69189453125 0.0359375 0.03515625
0 0.634765625 0.68896484375 0.026171875 0.029296875
0 0.576171875 0.6875 0.030859375 0.0302734375
0 0.52109375 0.6865234375 0.03203125 0.0361328125
0 0.056640625 0.685546875 0.0359375 0.03076171875
0 0.132421875 0.68408203125 0.0359375 0.02490234375
0 0.196484375 0.68115234375 0.029296875 0.044921875
0 0.270703125 0.68310546875 0.0328125 0.0302734375
0 0.32890625 0.69189453125 0.0203125 0.03515625
0 0.530859375 0.5693359375 0.018359375 0.0185546875
0 0.40546875 0.5732421875 0.009765625 0.0185546875
0 0.011328125 0.68115234375 0.021484375 0.02587890625
0 0.4546875 0.69482421875 0.023046875 0.02099609375
0 0.948828125 0.57666015625 0.021484375 0.0205078125
0 0.99609375 0.57568359375 0.006640625 0.0185546875
0 0.99453125 0.693359375 0.009765625 0.03076171875
0 0.96484375 0.814453125 0.03125 0.029296875
0 0.90703125 0.81689453125 0.04296875 0.03173828125
0 0.7875 0.818359375 0.04296875 0.04150390625
0 0.712890625 0.81982421875 0.03515625 0.0400390625
0 0.583984375 0.81982421875 0.041015625 0.05224609375
0 0.51953125 0.8193359375 0.05234375 0.0458984375
0 0.45546875 0.818359375 0.0484375 0.06982421875
0 0.3953125 0.818359375 0.0328125 0.04150390625
0 0.32734375 0.8203125 0.04296875 0.05322265625
0 0.254296875 0.81982421875 0.0328125 0.05029296875
0 0.204296875 0.82080078125 0.046484375 0.05029296875
0 0.14296875 0.8232421875 0.051171875 0.05029296875
0 0.0734375 0.82763671875 0.04765625 0.04248046875
1 0.15390625 0.74365234375 0.03984375 0.06298828125
1 0.151171875 0.7724609375 0.0609375 0.0302734375
1 0.083203125 0.75830078125 0.038671875 0.03173828125
1 0.090234375 0.7744140625 0.057421875 0.0107421875
1 0.025 0.7646484375 0.0484375 0.02490234375
1 0.1328125 0.58837890625 0.069140625 0.0458984375
1 0.208984375 0.51025390625 0.055078125 0.05029296875
1 0.151171875 0.35546875 0.09921875 0.068359375
1 0.280859375 0.3466796875 0.02109375 0.05126953125
1 0.544140625 0.25732421875 0.081640625 0.01611328125
0 0.646875 0.818359375 0.03125 0.0380859375
0 0.971484375 0.9462890625 0.0359375 0.044921875
0 0.9109375 0.943359375 0.0484375 0.05126953125
0 0.839453125 0.9345703125 0.0359375 0.04248046875
0 0.707421875 0.947265625 0.033203125 0.046875
0 0.642578125 0.9404296875 0.037890625 0.0400390625
0 0.589453125 0.93994140625 0.0390625 0.05126953125
0 0.53046875 0.94775390625 0.037109375 0.04931640625
0 0.472265625 0.935546875 0.034765625 0.04443359375
0 0.21484375 0.9462890625 0.041796875 0.05224609375
0 0.15 0.94921875 0.038671875 0.0576171875
0 0.091015625 0.94580078125 0.05625 0.0546875
0 0.340625 0.95458984375 0.018359375 0.05029296875
0 0.0234375 0.9462890625 0.045703125 0.05029296875