0 0.31796875 0.06103515625 0.0296875 0.048828125
0 0.224609375 0.04736328125 0.03671875 0.04736328125
0 0.175 0.044921875 0.040625 0.05029296875
0 0.124609375 0.0390625 0.038671875 0.03857421875
0 0.278125 0.05615234375 0.025 0.0322265625
0 0.412109375 0.07373046875 0.03046875 0.0419921875
0 0.453515625 0.080078125 0.041015625 0.048828125
0 0.500390625 0.08349609375 0.038671875 0.05029296875
0 0.5453125 0.09619140625 0.027734375 0.04248046875
0 0.63359375 0.099609375 0.033203125 0.04638671875
0 0.6703125 0.10693359375 0.02734375 0.03515625
0 0.70625 0.11083984375 0.034375 0.04345703125
0 0.741796875 0.11181640625 0.027734375 0.04052734375
0 0.81171875 0.1181640625 0.02890625 0.0439453125
0 0.851171875 0.12744140625 0.036328125 0.0478515625
0 0.922265625 0.13623046875 0.041796875 0.0556640625
0 0.9609375 0.1376953125 0.031640625 0.05908203125
0 0.990234375 0.1455078125 0.019140625 0.060546875
0 0.93671875 0.22265625 0.02109375 0.02490234375
0 0.90625 0.21533203125 0.03515625 0.03515625
0 0.870703125 0.21484375 0.034375 0.03955078125
0 0.83671875 0.212890625 0.022265625 0.02587890625
0 0.799609375 0.21337890625 0.0375 0.04296875
0 0.7640625 0.21337890625 0.023828125 0.04443359375
0 0.658984375 0.19921875 0.025390625 0.02880859375
0 0.57734375 0.18212890625 0.030859375 0.03857421875
0 0.537890625 0.1748046875 0.0359375 0.05712890625
0 0.61328125 0.1875 0.019140625 0.02880859375
0 0.453515625 0.16796875 0.03359375 0.04248046875
0 0.411328125 0.1591796875 0.040625 0.064453125
0 0.366015625 0.154296875 0.03515625 0.05615234375
0 0.323046875 0.15283203125 0.037109375 0.05810546875
0 0.57734375 0.103515625 0.025390625 0.0322265625
0 0.4546875 0.26025390625 0.033203125 0.04443359375
0 0.419140625 0.25439453125 0.0359375 0.05322265625
0 0.328515625 0.2490234375 0.03515625 0.0498046875
0 0.290625 0.24755859375 0.026953125 0.03857421875
0 0.280859375 0.14794921875 0.041796875 0.06005859375
0 0.231640625 0.14306640625 0.0484375 0.06103515625
0 0.18671875 0.138671875 0.045703125 0.05419921875
0 0.1421875 0.1318359375 0.043359375 0.060546875
0 0.094921875 0.1259765625 0.04453125 0.060546875
0 0.053125 0.12451171875 0.03515625 0.037109375
0 0.0125 0.103515625 0.02421875 0.04931640625
0 0.25703125 0.24658203125 0.02109375 0.03271484375
0 0.07578125 0.2216796875 0.05390625 0.06005859375
0 0.1515625 0.3212890625 0.04296875 0.05517578125
0 0.104296875 0.31689453125 0.05078125 0.05859375
0 0.05625 0.3115234375 0.0453125 0.06005859375
0 0.199609375 0.32373046875 0.0515625 0.05224609375
0 0.2484375 0.32958984375 0.040234375 0.04248046875
0 0.29609375 0.3349609375 0.04140625 0.0498046875
0 0.336328125 0.3427734375 0.03828125 0.04541015625
0 0.376953125 0.34423828125 0.03359375 0.037109375
0 0.416015625 0.34521484375 0.036328125 0.04150390625
0 0.452734375 0.35595703125 0.02890625 0.0400390625
0 0.48984375 0.3525390625 0.041015625 0.0498046875
0 0.5296875 0.36279296875 0.034375 0.04541015625
0 0.56875 0.36083984375 0.037109375 0.0498046875
0 0.61015625 0.3671875 0.025390625 0.03125
0 0.646875 0.3671875 0.037109375 0.04736328125
0 0.683203125 0.369140625 0.036328125 0.04541015625
0 0.722265625 0.373046875 0.034765625 0.05615234375
0 0.759375 0.375 0.03515625 0.0556640625
0 0.794921875 0.376953125 0.03515625 0.05419921875
0 0.171875 0.41259765625 0.0453125 0.05126953125
0 0.126953125 0.41064453125 0.04140625 0.04638671875
0 0.0890625 0.41162109375 0.03515625 0.04345703125
0 0.04296875 0.40673828125 0.0484375 0.05419921875
0 0.039453125 0.501953125 0.0453125 0.05615234375
0 0.0921875 0.509765625 0.055078125 0.04931640625
0 0.141796875 0.50732421875 0.04453125 0.05078125
0 0.18125 0.5087890625 0.03984375 0.0478515625
0 0.231640625 0.42578125 0.034375 0.0478515625
0 0.27265625 0.42431640625 0.043359375 0.0458984375
0 0.22421875 0.52392578125 0.04375 0.05859375
0 0.273046875 0.51904296875 0.0484375 0.0537109375
0 0.314453125 0.52392578125 0.024609375 0.0302734375
0 0.318359375 0.43359375 0.03515625 0.0322265625
0 0.36015625 0.4384765625 0.0265625 0.03515625
0 0.347265625 0.52392578125 0.037109375 0.05078125
0 0.389453125 0.5283203125 0.03828125 0.044921875
0 0.39609375 0.43505859375 0.037890625 0.0576171875
0 0.4359375 0.43994140625 0.0359375 0.0498046875
0 0.4734375 0.4453125 0.031640625 0.04345703125
0 0.466015625 0.52880859375 0.034765625 0.05029296875
0 0.43046875 0.5302734375 0.034375 0.046875
0 0.503515625 0.52978515625 0.037890625 0.0458984375
0 0.5109375 0.439453125 0.03515625 0.0498046875
0 0.541796875 0.533203125 0.030859375 0.04541015625
0 0.555859375 0.4443359375 0.03046875 0.0439453125
0 0.58828125 0.4501953125 0.033203125 0.0478515625
0 0.6234375 0.45458984375 0.0234375 0.02685546875
0 0.661328125 0.45556640625 0.023828125 0.0341796875
0 0.693359375 0.45458984375 0.03203125 0.0361328125
0 0.72890625 0.4560546875 0.03515625 0.0341796875
0 0.7609375 0.458984375 0.02890625 0.03369140625
0 0.6453125 0.5419921875 0.025390625 0.0419921875
0 0.678125 0.541015625 0.0359375 0.04248046875
0 0.714453125 0.54248046875 0.030078125 0.046875
0 0.742578125 0.54345703125 0.02890625 0.04345703125
0 0.771875 0.54150390625 0.025 0.0439453125
0 0.79375 0.455078125 0.034765625 0.05078125
0 0.85234375 0.3837890625 0.033984375 0.04345703125
0 0.826953125 0.45166015625 0.02890625 0.0517578125
0 0.856640625 0.45654296875 0.02890625 0.0478515625
0 0.883984375 0.45751953125 0.02734375 0.04052734375
0 0.9140625 0.458984375 0.033984375 0.04443359375
0 0.831640625 0.5419921875 0.025390625 0.037109375
0 0.80234375 0.537109375 0.0328125 0.04931640625
0 0.8609375 0.54150390625 0.030859375 0.04638671875
0 0.894140625 0.544921875 0.036328125 0.04833984375
0 0.88984375 0.38427734375 0.037890625 0.048828125
0 0.55390625 0.62109375 0.0375 0.0595703125
0 0.513671875 0.6181640625 0.040625 0.0517578125
0 0.43203125 0.61962890625 0.0328125 0.04345703125
0 0.3953125 0.6220703125 0.037890625 0.04736328125
0 0.34765625 0.61865234375 0.03671875 0.0458984375
0 0.303515625 0.615234375 0.041015625 0.05908203125
0 0.25703125 0.615234375 0.047265625 0.0595703125
0 0.216796875 0.6162109375 0.034375 0.05029296875
0 0.591015625 0.6201171875 0.03046875 0.04052734375
0 0.62578125 0.62353515625 0.03671875 0.04443359375
0 0.6625 0.6240234375 0.030859375 0.0458984375
0 0.698046875 0.62255859375 0.038671875 0.0458984375
0 0.737109375 0.62451171875 0.038671875 0.05810546875
0 0.771875 0.62353515625 0.028125 0.0498046875
0 0.803125 0.62353515625 0.032421875 0.04638671875
0 0.8375 0.6181640625 0.034375 0.05615234375
0 0.89765625 0.6162109375 0.025 0.0390625
0 0.7515625 0.7041015625 0.026953125 0.02880859375
0 0.78984375 0.70361328125 0.030078125 0.03076171875
0 0.821875 0.7021484375 0.024609375 0.033203125
0 0.855859375 0.7041015625 0.026171875 0.0302734375
0 0.932421875 0.70166015625 0.031640625 0.03759765625
0 0.39296875 0.71484375 0.034765625 0.0517578125
0 0.3421875 0.71435546875 0.0359375 0.0478515625
0 0.434375 0.71337890625 0.0390625 0.05810546875
0 0.47734375 0.71435546875 0.034375 0.04345703125
0 0.51796875 0.7138671875 0.035546875 0.05029296875
0 0.561328125 0.71044921875 0.034765625 0.05078125
0 0.60078125 0.7099609375 0.03515625 0.04052734375
0 0.638671875 0.70458984375 0.024609375 0.02587890625
0 0.963671875 0.69921875 0.031640625 0.046875
0 0.9546875 0.61767578125 0.037890625 0.04443359375
0 0.94765625 0.54296875 0.03359375 0.037109375
0 0.915234375 0.7744140625 0.03828125 0.05078125
0 0.882421875 0.77099609375 0.024609375 0.04150390625
0 0.08125 0.61181640625 0.040625 0.0498046875
0 0.03046875 0.61279296875 0.047265625 0.0537109375
0 0.12734375 0.61083984375 0.035546875 0.04052734375
0 0.170703125 0.61572265625 0.04609375 0.060546875
0 0.08671875 0.71435546875 0.059375 0.0712890625
0 0.190234375 0.71875 0.042578125 0.046875
0 0.24296875 0.71240234375 0.035546875 0.04052734375
0 0.145703125 0.80126953125 0.0375 0.0458984375
0 0.09921875 0.80126953125 0.044921875 0.05810546875
0 0.027734375 0.71435546875 0.053515625 0.0546875
0 0.2796875 0.71142578125 0.028515625 0.0419921875
0 0.309765625 0.708984375 0.024609375 0.03076171875
0 0.316796875 0.80078125 0.030078125 0.05810546875
0 0.353125 0.798828125 0.03203125 0.0517578125
0 0.434375 0.7939453125 0.042578125 0.06201171875
0 0.4765625 0.787109375 0.0390625 0.04345703125
0 0.51171875 0.7900390625 0.0296875 0.05419921875
0 0.545703125 0.78857421875 0.034765625 0.05419921875
0 0.581640625 0.78466796875 0.032421875 0.0498046875
0 0.61796875 0.78369140625 0.0328125 0.046875
0 0.65390625 0.78662109375 0.03359375 0.046875
0 0.69140625 0.7861328125 0.03515625 0.044921875
0 0.724609375 0.7841796875 0.03046875 0.05126953125
0 0.759765625 0.78173828125 0.037890625 0.05322265625
0 0.793359375 0.783203125 0.03359375 0.0478515625
0 0.825390625 0.7822265625 0.0359375 0.0478515625
0 0.051953125 0.80126953125 0.042578125 0.052734375
0 0.096484375 0.884765625 0.040234375 0.0478515625
0 0.140625 0.88623046875 0.04453125 0.0439453125
0 0.184375 0.88134765625 0.030859375 0.03759765625
0 0.23359375 0.87451171875 0.027734375 0.033203125
0 0.312109375 0.8828125 0.02890625 0.0478515625
0 0.39921875 0.87939453125 0.028125 0.04150390625
0 0.436328125 0.8837890625 0.026953125 0.04833984375
0 0.47578125 0.884765625 0.034375 0.05712890625
0 0.511328125 0.8798828125 0.02734375 0.05224609375
0 0.551171875 0.8828125 0.03359375 0.0625
0 0.586328125 0.8759765625 0.03203125 0.072265625
0 0.621484375 0.87646484375 0.0359375 0.0703125
0 0.65703125 0.87255859375 0.034765625 0.06787109375
0 0.688671875 0.8662109375 0.028515625 0.060546875
0 0.719921875 0.86572265625 0.026953125 0.0576171875
0 0.751171875 0.85791015625 0.0328125 0.052734375
0 0.78671875 0.86083984375 0.037109375 0.0732421875
0 0.82109375 0.857421875 0.031640625 0.064453125
0 0.851171875 0.86083984375 0.02734375 0.06884765625
0 0.88203125 0.85205078125 0.031640625 0.0478515625
0 0.912109375 0.921875 0.028515625 0.03955078125
0 0.883203125 0.9306640625 0.03125 0.046875
0 0.40390625 0.9619140625 0.030078125 0.0478515625
0 0.44375 0.96826171875 0.030859375 0.0439453125
0 0.81484375 0.29736328125 0.029296875 0.03955078125
0 0.56875 0.2666015625 0.030078125 0.04052734375
0 0.605859375 0.27490234375 0.033984375 0.04541015625
0 0.646875 0.27294921875 0.034375 0.06494140625
0 0.68359375 0.27978515625 0.02890625 0.06591796875
0 0.7203125 0.287109375 0.03828125 0.05419921875
0 0.755078125 0.29052734375 0.03125 0.0439453125
0 0.846875 0.29931640625 0.02734375 0.048828125
0 0.881640625 0.30126953125 0.033984375 0.05712890625
0 0.91640625 0.30126953125 0.028515625 0.04736328125
0 0.950390625 0.30859375 0.0328125 0.033203125
0 0.16796875 0.23583984375 0.0265625 0.0263671875
0 0.119921875 0.2236328125 0.03046875 0.02587890625
0 0.530078125 0.96435546875 0.034375 0.052734375
0 0.484375 0.96337890625 0.03515625 0.0576171875
0 0.608203125 0.943359375 0.02578125 0.0361328125
0 0.64375 0.9462890625 0.028125 0.04541015625
0 0.68828125 0.94091796875 0.030078125 0.05810546875
0 0.3546875 0.88671875 0.034375 0.0498046875
0 0.75625 0.9423828125 0.03359375 0.0537109375
0 0.721484375 0.9443359375 0.0359375 0.05322265625
0 0.790234375 0.93701171875 0.03515625 0.05322265625
0 0.911328125 0.84716796875 0.028125 0.04443359375
0 0.94296875 0.84765625 0.0375 0.052734375
0 0.96875 0.83642578125 0.0234375 0.0380859375
0 0.9640625 0.7685546875 0.02421875 0.03662109375