0 0.022265625 0.03369140625 0.04375 0.06689453125
0 0.06875 0.033203125 0.04453125 0.0654296875
0 0.11640625 0.03271484375 0.045703125 0.0576171875
0 0.16796875 0.03173828125 0.03984375 0.0537109375
0 0.21796875 0.03564453125 0.026953125 0.0478515625
0 0.26640625 0.04443359375 0.01796875 0.0322265625
0 0.32265625 0.03173828125 0.038671875 0.06103515625
0 0.362109375 0.0380859375 0.03828125 0.05029296875
0 0.412109375 0.03466796875 0.042578125 0.05419921875
0 0.45859375 0.03466796875 0.03125 0.05517578125
0 0.51015625 0.0322265625 0.028125 0.06396484375
0 0.5578125 0.033203125 0.03515625 0.05810546875
0 0.60859375 0.033203125 0.032421875 0.0654296875
0 0.654296875 0.0439453125 0.024609375 0.044921875
0 0.69375 0.04541015625 0.024609375 0.03955078125
0 0.7484375 0.0390625 0.03515625 0.06201171875
0 0.79921875 0.033203125 0.034765625 0.0615234375
0 0.84921875 0.0361328125 0.04140625 0.06787109375
0 0.894921875 0.0390625 0.02734375 0.0615234375
0 0.944140625 0.03759765625 0.0390625 0.06298828125
0 0.19140625 0.22119140625 0.05859375 0.08544921875
0 0.146875 0.23486328125 0.01796875 0.04248046875
0 0.098046875 0.22412109375 0.0671875 0.08251953125
0 0.03984375 0.22607421875 0.048828125 0.07958984375
0 0.2765625 0.23193359375 0.04765625 0.064453125
0 0.3609375 0.22314453125 0.0421875 0.07861328125
0 0.40078125 0.224609375 0.037109375 0.06787109375
0 0.445703125 0.22314453125 0.05234375 0.07861328125
0 0.4859375 0.2353515625 0.015625 0.02978515625
0 0.528125 0.22509765625 0.0484375 0.08251953125
0 0.582421875 0.2197265625 0.03984375 0.08447265625
0 0.6828125 0.2255859375 0.038671875 0.0673828125
0 0.72421875 0.22216796875 0.03828125 0.0859375
0 0.62890625 0.2275390625 0.04609375 0.0810546875
0 0.7765625 0.220703125 0.05390625 0.0869140625
0 0.828515625 0.22216796875 0.039453125 0.08056640625
0 0.883984375 0.2177734375 0.02578125 0.083984375
0 0.93046875 0.21875 0.040234375 0.09375
0 0.972265625 0.220703125 0.03828125 0.08642578125
0 0.895703125 0.3173828125 0.046875 0.08935546875
0 0.8453125 0.3212890625 0.03984375 0.08935546875
0 0.7984375 0.32470703125 0.046484375 0.07080078125
0 0.74296875 0.32080078125 0.051953125 0.0771484375
0 0.6953125 0.3193359375 0.03984375 0.08349609375
0 0.648828125 0.322265625 0.047265625 0.07861328125
0 0.60078125 0.3271484375 0.042578125 0.06591796875
0 0.508203125 0.3271484375 0.05390625 0.0888671875
0 0.4140625 0.3203125 0.056640625 0.0791015625
0 0.3609375 0.32275390625 0.0390625 0.08642578125
0 0.312109375 0.3271484375 0.044921875 0.0771484375
0 0.267578125 0.3330078125 0.0265625 0.03173828125
0 0.216015625 0.32177734375 0.0515625 0.072265625
0 0.1578125 0.3310546875 0.0578125 0.06982421875
0 0.1140625 0.33251953125 0.04921875 0.06201171875
0 0.067578125 0.33251953125 0.043359375 0.0595703125
0 0.033984375 0.33544921875 0.019921875 0.03662109375
0 0.026953125 0.4140625 0.0421875 0.083984375
0 0.06796875 0.42529296875 0.044921875 0.03857421875
0 0.108984375 0.43310546875 0.055859375 0.05078125
0 0.15234375 0.43212890625 0.05625 0.052734375
0 0.206640625 0.4384765625 0.057421875 0.048828125
0 0.25546875 0.43505859375 0.05234375 0.0458984375
0 0.306640625 0.42919921875 0.049609375 0.0654296875
0 0.36015625 0.4208984375 0.043359375 0.08203125
0 0.40234375 0.4228515625 0.0390625 0.06884765625
0 0.450390625 0.42236328125 0.0359375 0.07177734375
0 0.4890625 0.42041015625 0.0421875 0.0771484375
0 0.538671875 0.421875 0.044140625 0.083984375
0 0.5828125 0.4208984375 0.041015625 0.06591796875
0 0.629296875 0.41455078125 0.04375 0.0791015625
0 0.675 0.42578125 0.04765625 0.0732421875
0 0.720703125 0.42236328125 0.043359375 0.07763671875
0 0.765234375 0.416015625 0.044921875 0.08740234375
0 0.85625 0.421875 0.029296875 0.0634765625
0 0.81484375 0.41552734375 0.050390625 0.08447265625
0 0.95078125 0.41943359375 0.030859375 0.0615234375
0 0.927734375 0.515625 0.044140625 0.07958984375
0 0.88203125 0.515625 0.044140625 0.0830078125
0 0.835546875 0.51220703125 0.04765625 0.08203125
0 0.786328125 0.5146484375 0.044921875 0.087890625
0 0.739453125 0.515625 0.0453125 0.099609375
0 0.6921875 0.51708984375 0.04609375 0.1005859375
0 0.64453125 0.5205078125 0.047265625 0.08056640625
0 0.59375 0.517578125 0.044140625 0.0732421875
0 0.544140625 0.53955078125 0.044921875 0.05419921875
0 0.496875 0.5361328125 0.04140625 0.0546875
0 0.446484375 0.53515625 0.037109375 0.046875
0 0.401171875 0.53564453125 0.044140625 0.05322265625
0 0.355859375 0.54345703125 0.0390625 0.0478515625
0 0.3078125 0.53466796875 0.047265625 0.05322265625
0 0.25546875 0.53857421875 0.050390625 0.06982421875
0 0.2109375 0.5361328125 0.0265625 0.0205078125
0 0.158984375 0.53466796875 0.06640625 0.06494140625
0 0.103515625 0.53173828125 0.0484375 0.05712890625
0 0.057421875 0.5302734375 0.050390625 0.06494140625
0 0.230078125 0.14111328125 0.04375 0.06005859375
0 0.276953125 0.1435546875 0.0421875 0.0546875
0 0.321484375 0.14404296875 0.03828125 0.0615234375
0 0.36484375 0.146484375 0.040625 0.064453125
0 0.40390625 0.1416015625 0.03359375 0.04736328125
0 0.442578125 0.134765625 0.037109375 0.0634765625
0 0.48046875 0.14013671875 0.044140625 0.0595703125
0 0.5265625 0.138671875 0.043359375 0.06005859375
0 0.5703125 0.13720703125 0.043359375 0.06005859375
0 0.61328125 0.140625 0.040625 0.06982421875
0 0.658203125 0.13818359375 0.04765625 0.0634765625
0 0.7078125 0.138671875 0.050390625 0.072265625
0 0.75625 0.13525390625 0.042578125 0.060546875
0 0.9734375 0.3349609375 0.052734375 0.0654296875
0 0.81953125 0.630859375 0.055859375 0.05322265625
0 0.7734375 0.63427734375 0.04765625 0.0517578125
0 0.723828125 0.6298828125 0.055078125 0.07080078125
0 0.9109375 0.62646484375 0.05234375 0.0390625
0 0.95859375 0.62646484375 0.047265625 0.04150390625
0 0.623046875 0.6318359375 0.051171875 0.0517578125
0 0.5734375 0.63232421875 0.043359375 0.05517578125
0 0.523828125 0.63037109375 0.042578125 0.05322265625
0 0.477734375 0.62939453125 0.046484375 0.05810546875
0 0.422265625 0.63671875 0.04609375 0.07373046875
0 0.376953125 0.63134765625 0.046875 0.05517578125
0 0.28046875 0.6259765625 0.052734375 0.0771484375
0 0.225 0.634765625 0.050390625 0.0615234375
0 0.172265625 0.63134765625 0.051953125 0.068359375
0 0.118359375 0.63623046875 0.050390625 0.07177734375
0 0.03046875 0.62890625 0.060546875 0.10595703125
0 0.21171875 0.74072265625 0.0609375 0.068359375
0 0.31015625 0.72265625 0.052734375 0.06884765625
0 0.358203125 0.72802734375 0.03984375 0.05859375
0 0.405078125 0.73388671875 0.050390625 0.05419921875
0 0.4515625 0.72802734375 0.040234375 0.056640625
0 0.49921875 0.72998046875 0.044921875 0.0654296875
0 0.541015625 0.720703125 0.04453125 0.0791015625
0 0.5890625 0.72314453125 0.0484375 0.0703125
0 0.626953125 0.716796875 0.0203125 0.037109375
0 0.6734375 0.7177734375 0.049609375 0.087890625
0 0.7203125 0.716796875 0.043359375 0.09033203125
0 0.761328125 0.72314453125 0.0421875 0.08740234375
0 0.801171875 0.7216796875 0.04375 0.08544921875
0 0.77421875 0.818359375 0.0484375 0.08642578125
0 0.724609375 0.8134765625 0.042578125 0.08251953125
0 0.6765625 0.8046875 0.04296875 0.07177734375
0 0.625390625 0.810546875 0.040625 0.08837890625
0 0.5765625 0.810546875 0.03203125 0.0595703125
0 0.5265625 0.8212890625 0.044140625 0.087890625
0 0.426953125 0.82080078125 0.04765625 0.08349609375
0 0.376171875 0.82275390625 0.0484375 0.07666015625
0 0.325 0.82666015625 0.046875 0.07080078125
0 0.275390625 0.82470703125 0.05234375 0.07373046875
0 0.2265625 0.830078125 0.0546875 0.07861328125
0 0.13046875 0.81494140625 0.0375 0.07421875
0 0.08125 0.81884765625 0.030078125 0.060546875
0 0.0296875 0.81787109375 0.054296875 0.0830078125
0 0.326171875 0.92138671875 0.04296875 0.05712890625
0 0.272265625 0.92578125 0.042578125 0.0751953125
0 0.226953125 0.92724609375 0.037890625 0.064453125
0 0.58828125 0.9052734375 0.03515625 0.06298828125
0 0.621484375 0.90234375 0.02734375 0.0625
0 0.656640625 0.90087890625 0.037890625 0.072265625
0 0.7078125 0.90966796875 0.058984375 0.10986328125
0 0.5453125 0.9189453125 0.036328125 0.04248046875
0 0.826953125 0.81494140625 0.05078125 0.08251953125
0 0.873828125 0.81201171875 0.056640625 0.06884765625
0 0.92265625 0.81640625 0.023046875 0.04443359375
0 0.969921875 0.80029296875 0.04609375 0.0849609375
0 0.92890625 0.70556640625 0.038671875 0.0986328125
0 0.887109375 0.70166015625 0.037109375 0.083984375
0 0.964453125 0.705078125 0.038671875 0.0712890625
0 0.800390625 0.912109375 0.061328125 0.091796875
0 0.894140625 0.8984375 0.05234375 0.09619140625
0 0.941015625 0.8994140625 0.0515625 0.09326171875
0 0.153125 0.73583984375 0.046875 0.0673828125
0 0.1046875 0.73193359375 0.047265625 0.06689453125
0 0.0546875 0.73095703125 0.04921875 0.0673828125
0 0.17578125 0.9365234375 0.06015625 0.0986328125
0 0.1296875 0.921875 0.02734375 0.0517578125
0 0.032421875 0.94189453125 0.063671875 0.08544921875