0 0.017578125 0.14892578125 0.033984375 0.03515625
0 0.095703125 0.1552734375 0.03125 0.03515625
0 0.18046875 0.16357421875 0.036328125 0.03271484375
0 0.266015625 0.17138671875 0.0109375 0.009765625
0 0.339453125 0.17626953125 0.018359375 0.02099609375
0 0.41015625 0.1767578125 0.021484375 0.02197265625
0 0.480859375 0.17626953125 0.016796875 0.02099609375
0 0.55859375 0.17041015625 0.021484375 0.03369140625
0 0.855859375 0.1708984375 0.018359375 0.02978515625
0 0.92734375 0.15869140625 0.0203125 0.037109375
0 0.99375 0.16015625 0.0109375 0.0341796875
0 0.894921875 0.31982421875 0.026171875 0.03076171875
0 0.804296875 0.32470703125 0.02421875 0.03515625
0 0.72421875 0.3271484375 0.013671875 0.01611328125
0 0.636328125 0.333984375 0.02265625 0.0380859375
0 0.5421875 0.3310546875 0.030078125 0.0361328125
0 0.452734375 0.322265625 0.020703125 0.02197265625
0 0.392578125 0.32568359375 0.028125 0.02734375
0 0.327734375 0.3251953125 0.0390625 0.0380859375
0 0.241015625 0.3134765625 0.032421875 0.02734375
0 0.163671875 0.3095703125 0.041796875 0.0458984375
0 0.09453125 0.4482421875 0.033984375 0.0380859375
0 0.1765625 0.45654296875 0.032421875 0.025390625
0 0.262109375 0.45947265625 0.0265625 0.02490234375
0 0.33515625 0.4638671875 0.0265625 0.03173828125
0 0.41484375 0.466796875 0.02734375 0.03271484375
0 0.49296875 0.47216796875 0.026171875 0.02734375
0 0.569140625 0.4755859375 0.033203125 0.03271484375
0 0.64375 0.48193359375 0.02734375 0.03271484375
0 0.725 0.4755859375 0.026171875 0.029296875
0 0.88671875 0.46826171875 0.026171875 0.02978515625
0 0.975390625 0.46533203125 0.032421875 0.03076171875
0 0.95 0.60498046875 0.03046875 0.03369140625
0 0.8671875 0.60693359375 0.02734375 0.029296875
0 0.778515625 0.60595703125 0.020703125 0.02978515625
0 0.7 0.619140625 0.02265625 0.0283203125
0 0.937890625 0.73095703125 0.017578125 0.0283203125
0 0.858203125 0.7314453125 0.02421875 0.02734375
0 0.781640625 0.744140625 0.024609375 0.02978515625
0 0.4875 0.75634765625 0.0203125 0.02734375
0 0.416015625 0.75537109375 0.01875 0.0166015625
0 0.183203125 0.73779296875 0.020703125 0.02734375
0 0.2578125 0.740234375 0.02265625 0.02197265625
0 0.107421875 0.73388671875 0.022265625 0.03076171875
0 0.031640625 0.72119140625 0.02265625 0.02294921875
0 0.22734375 0.87841796875 0.024609375 0.02099609375
0 0.367578125 0.8916015625 0.028515625 0.0263671875
0 0.44609375 0.89404296875 0.029296875 0.03369140625
0 0.587109375 0.89453125 0.033203125 0.0341796875
0 0.65859375 0.89404296875 0.033984375 0.03173828125
0 0.7265625 0.884765625 0.028515625 0.03271484375
0 0.796875 0.88232421875 0.030078125 0.0341796875
0 0.86171875 0.8681640625 0.03203125 0.0341796875
0 0.930859375 0.861328125 0.03125 0.03173828125
0 0.712890625 0.74755859375 0.021484375 0.0185546875
0 0.5390625 0.6142578125 0.028125 0.025390625
0 0.45859375 0.62060546875 0.02734375 0.025390625
0 0.207421875 0.60693359375 0.028125 0.029296875
0 0.375390625 0.61767578125 0.03515625 0.03271484375
0 0.134375 0.59765625 0.02265625 0.02734375
0 0.04296875 0.5966796875 0.02734375 0.029296875
0 0.0140625 0.4384765625 0.0265625 0.03857421875
0 0.015625 0.86865234375 0.022265625 0.0263671875
0 0.084765625 0.86572265625 0.030078125 0.01953125
0 0.15625 0.87939453125 0.03125 0.0263671875
0 0.305078125 0.8837890625 0.01484375 0.02978515625