0 0.0203125 0.08056640625 0.01953125 0.0283203125
0 0.066796875 0.08447265625 0.008984375 0.01171875
0 0.11640625 0.0830078125 0.010546875 0.0302734375
0 0.165234375 0.08056640625 0.010546875 0.01953125
0 0.22578125 0.0849609375 0.009765625 0.02099609375
0 0.316796875 0.08984375 0.0109375 0.02197265625
0 0.401953125 0.25048828125 0.014453125 0.03369140625
0 0.45234375 0.25244140625 0.010546875 0.03173828125
0 0.315625 0.39599609375 0.015625 0.029296875
0 0.363671875 0.39208984375 0.0125 0.017578125
0 0.4109375 0.39453125 0.013671875 0.02490234375
0 0.461328125 0.38916015625 0.010546875 0.0185546875
0 0.505859375 0.39208984375 0.01171875 0.0283203125
0 0.268359375 0.39111328125 0.009765625 0.02294921875
0 0.2203125 0.38916015625 0.010546875 0.017578125
0 0.10078125 0.3837890625 0.0234375 0.029296875
0 0.04609375 0.39013671875 0.0125 0.0302734375
0 0.16796875 0.39111328125 0.006640625 0.017578125
0 0.19609375 0.24609375 0.018359375 0.02490234375
0 0.040234375 0.24560546875 0.013671875 0.02392578125
0 0.094140625 0.23583984375 0.014453125 0.02587890625
0 0.146484375 0.240234375 0.015625 0.02587890625
0 0.349609375 0.2490234375 0.012890625 0.0166015625
0 0.4984375 0.25634765625 0.009765625 0.0185546875
0 0.541015625 0.2568359375 0.0125 0.02294921875
0 0.5890625 0.25244140625 0.0125 0.02197265625
0 0.638671875 0.25732421875 0.012890625 0.03173828125
0 0.72734375 0.25634765625 0.015625 0.02197265625
0 0.777734375 0.2568359375 0.01171875 0.02587890625
0 0.81875 0.26025390625 0.019140625 0.02294921875
0 0.8625 0.25927734375 0.01484375 0.0283203125
0 0.9171875 0.25732421875 0.014453125 0.02490234375
0 0.96171875 0.26318359375 0.013671875 0.03076171875
0 0.365234375 0.08984375 0.008984375 0.02392578125
0 0.416796875 0.09765625 0.0109375 0.029296875
0 0.45703125 0.0966796875 0.0109375 0.0205078125
0 0.503125 0.0986328125 0.009765625 0.01513671875
0 0.54921875 0.0947265625 0.009765625 0.02099609375
0 0.597265625 0.1025390625 0.0171875 0.0283203125
0 0.641015625 0.1015625 0.018359375 0.02490234375
0 0.69140625 0.1015625 0.014453125 0.0302734375
0 0.72265625 0.1044921875 0.019140625 0.0263671875
0 0.7609375 0.1083984375 0.009765625 0.02197265625
0 0.7828125 0.11181640625 0.01484375 0.029296875
0 0.8234375 0.11376953125 0.014453125 0.02734375
0 0.909375 0.1103515625 0.0125 0.02197265625
0 0.958203125 0.11328125 0.012890625 0.02099609375
0 0.96796875 0.39892578125 0.012890625 0.017578125
0 0.87109375 0.39453125 0.015625 0.02294921875
0 0.83046875 0.39599609375 0.013671875 0.02197265625
0 0.783984375 0.39697265625 0.01640625 0.02392578125
0 0.735546875 0.396484375 0.0109375 0.01953125
0 0.55 0.3916015625 0.013671875 0.02734375
0 0.59609375 0.39599609375 0.012890625 0.03076171875
0 0.640625 0.3974609375 0.015625 0.03173828125
0 0.691015625 0.3955078125 0.01171875 0.0283203125
0 0.916796875 0.3984375 0.009765625 0.0087890625
0 0.25078125 0.24267578125 0.013671875 0.02099609375
0 0.302734375 0.24365234375 0.005078125 0.01318359375
0 0.2765625 0.54833984375 0.01953125 0.02587890625
0 0.323046875 0.55712890625 0.017578125 0.0400390625
0 0.4171875 0.55712890625 0.012890625 0.02734375
0 0.464453125 0.560546875 0.01484375 0.02587890625
0 0.505078125 0.5556640625 0.017578125 0.02294921875
0 0.046484375 0.54052734375 0.005078125 0.017578125
0 0.089453125 0.54150390625 0.014453125 0.017578125
0 0.139453125 0.5458984375 0.0125 0.0087890625
0 0.183984375 0.54150390625 0.0109375 0.02099609375
0 0.228125 0.55078125 0.012890625 0.01513671875
0 0.03203125 0.7021484375 0.0171875 0.02587890625
0 0.069140625 0.7001953125 0.01484375 0.02490234375
0 0.137109375 0.69140625 0.018359375 0.02587890625
0 0.238671875 0.693359375 0.01171875 0.02587890625
0 0.287109375 0.7001953125 0.013671875 0.02490234375
0 0.338671875 0.69921875 0.018359375 0.0263671875
0 0.4328125 0.701171875 0.01484375 0.03466796875
0 0.469921875 0.69580078125 0.018359375 0.01953125
0 0.5171875 0.701171875 0.018359375 0.02734375
0 0.60859375 0.69287109375 0.02109375 0.0302734375
0 0.703515625 0.69287109375 0.023046875 0.0302734375
0 0.748828125 0.69921875 0.01953125 0.0263671875
0 0.803125 0.69580078125 0.0203125 0.02392578125
0 0.848828125 0.69140625 0.01640625 0.029296875
0 0.893359375 0.68994140625 0.015625 0.02197265625
0 0.96484375 0.54833984375 0.017578125 0.02197265625
0 0.926171875 0.55322265625 0.012890625 0.01953125
0 0.877734375 0.5478515625 0.018359375 0.02490234375
0 0.836328125 0.5478515625 0.017578125 0.0263671875
0 0.798046875 0.54833984375 0.012890625 0.02734375
0 0.754296875 0.54931640625 0.015625 0.029296875
0 0.7125 0.55419921875 0.012890625 0.029296875
0 0.666015625 0.5517578125 0.01953125 0.02587890625
0 0.54921875 0.55322265625 0.0125 0.0283203125
0 0.5875 0.5556640625 0.012890625 0.02294921875
0 0.623828125 0.55126953125 0.009765625 0.01611328125
0 0.548828125 0.84619140625 0.018359375 0.03173828125
0 0.603125 0.84716796875 0.0125 0.02197265625
0 0.6515625 0.845703125 0.01953125 0.02734375
0 0.699609375 0.84326171875 0.0109375 0.02490234375
0 0.746875 0.8408203125 0.02109375 0.03173828125
0 0.498828125 0.85009765625 0.014453125 0.0361328125
0 0.44375 0.853515625 0.012890625 0.02392578125
0 0.39921875 0.85400390625 0.015625 0.01953125
0 0.34609375 0.8447265625 0.013671875 0.0205078125
0 0.29921875 0.84814453125 0.014453125 0.01513671875
0 0.15390625 0.85302734375 0.01484375 0.0263671875
0 0.201171875 0.84716796875 0.0046875 0.0185546875
0 0.251171875 0.84716796875 0.0125 0.0205078125
0 0.105859375 0.85009765625 0.01953125 0.02197265625
0 0.054296875 0.8466796875 0.014453125 0.01318359375
0 0.79609375 0.837890625 0.010546875 0.01953125
0 0.844921875 0.845703125 0.01953125 0.02197265625
0 0.88828125 0.83984375 0.01171875 0.02294921875
0 0.93046875 0.83837890625 0.021484375 0.02734375
0 0.977734375 0.84033203125 0.0171875 0.02734375
0 0.96484375 0.9736328125 0.026171875 0.03515625
0 0.9203125 0.98095703125 0.02109375 0.02734375
0 0.87109375 0.98193359375 0.0171875 0.02392578125
0 0.81875 0.98193359375 0.0109375 0.0205078125
0 0.773046875 0.982421875 0.013671875 0.02490234375
0 0.720703125 0.98681640625 0.01484375 0.02294921875
0 0.66640625 0.982421875 0.01640625 0.02099609375
0 0.616796875 0.98681640625 0.00859375 0.02490234375
0 0.566796875 0.994140625 0.012890625 0.009765625