0 0.041796875 0.17919921875 0.02109375 0.02197265625
0 0.08359375 0.177734375 0.01953125 0.02490234375
0 0.130078125 0.181640625 0.0234375 0.03466796875
0 0.17578125 0.1787109375 0.0234375 0.02490234375
0 0.2109375 0.171875 0.025390625 0.0390625
0 0.26640625 0.1708984375 0.01640625 0.037109375
0 0.3109375 0.173828125 0.019140625 0.0361328125
0 0.35703125 0.17236328125 0.010546875 0.02734375
0 0.24375 0.3095703125 0.022265625 0.03369140625
0 0.201171875 0.3134765625 0.0171875 0.04248046875
0 0.115625 0.30859375 0.0234375 0.0361328125
0 0.070703125 0.3134765625 0.0234375 0.03173828125
0 0.287890625 0.31103515625 0.0203125 0.029296875
0 0.33515625 0.306640625 0.012890625 0.02587890625
0 0.3796875 0.30419921875 0.018359375 0.0380859375
0 0.419140625 0.29931640625 0.01953125 0.03271484375
0 0.400390625 0.169921875 0.019140625 0.037109375
0 0.44765625 0.17041015625 0.025 0.0380859375
0 0.48515625 0.16943359375 0.023046875 0.0380859375
0 0.5296875 0.1669921875 0.01484375 0.0380859375
0 0.459765625 0.29833984375 0.026953125 0.037109375
0 0.50390625 0.29833984375 0.0234375 0.0390625
0 0.546875 0.29736328125 0.019140625 0.0390625
0 0.573828125 0.16259765625 0.02109375 0.03076171875
0 0.5890625 0.29541015625 0.021484375 0.0390625
0 0.63046875 0.2919921875 0.023046875 0.0390625
0 0.6171875 0.166015625 0.017578125 0.02734375
0 0.660546875 0.16015625 0.026953125 0.03173828125
0 0.703125 0.158203125 0.012890625 0.02099609375
0 0.751953125 0.15478515625 0.017578125 0.04443359375
0 0.669140625 0.28857421875 0.017578125 0.03369140625
0 0.716015625 0.28759765625 0.01484375 0.03369140625
0 0.76484375 0.28662109375 0.02109375 0.03173828125
0 0.79453125 0.15478515625 0.01640625 0.03173828125
0 0.805078125 0.28466796875 0.0171875 0.03271484375
0 0.83671875 0.150390625 0.018359375 0.03173828125
0 0.879296875 0.15283203125 0.01484375 0.029296875
0 0.922265625 0.1484375 0.0171875 0.03369140625
0 0.965234375 0.14892578125 0.014453125 0.02587890625
0 0.969921875 0.27685546875 0.018359375 0.02294921875
0 0.92890625 0.27587890625 0.022265625 0.03515625
0 0.88984375 0.28125 0.01640625 0.02294921875
0 0.84609375 0.283203125 0.0203125 0.02490234375
0 0.978515625 0.41845703125 0.018359375 0.0263671875
0 0.937109375 0.41357421875 0.014453125 0.02392578125
0 0.895703125 0.41357421875 0.021484375 0.03076171875
0 0.8515625 0.41748046875 0.015625 0.029296875
0 0.803125 0.42138671875 0.01953125 0.0283203125
0 0.765234375 0.42236328125 0.02109375 0.029296875
0 0.72421875 0.42431640625 0.022265625 0.02587890625
0 0.68203125 0.427734375 0.019140625 0.02392578125
0 0.63671875 0.4306640625 0.015625 0.03076171875
0 0.595703125 0.431640625 0.01640625 0.0361328125
0 0.551171875 0.42822265625 0.018359375 0.03173828125
0 0.512109375 0.4384765625 0.0109375 0.02587890625
0 0.470703125 0.43896484375 0.018359375 0.01416015625
0 0.427734375 0.43994140625 0.023046875 0.0263671875
0 0.380859375 0.4443359375 0.02109375 0.03515625
0 0.333203125 0.44580078125 0.018359375 0.02734375
0 0.292578125 0.44970703125 0.025390625 0.03173828125
0 0.248046875 0.451171875 0.01640625 0.0263671875
0 0.20546875 0.4482421875 0.013671875 0.02197265625
0 0.1609375 0.45556640625 0.0125 0.01953125
0 0.118359375 0.4599609375 0.01171875 0.01513671875
0 0.06875 0.46484375 0.014453125 0.02587890625
0 0.0265625 0.46240234375 0.013671875 0.02197265625
0 0.05 0.591796875 0.0203125 0.0283203125
0 0.098828125 0.58740234375 0.013671875 0.0166015625
0 0.14765625 0.59033203125 0.01171875 0.017578125
0 0.191015625 0.587890625 0.0171875 0.02197265625
0 0.2359375 0.5849609375 0.015625 0.02490234375
0 0.28671875 0.5830078125 0.013671875 0.02099609375
0 0.32890625 0.705078125 0.018359375 0.0283203125
0 0.375390625 0.70166015625 0.01640625 0.02294921875
0 0.28203125 0.703125 0.01640625 0.02392578125
0 0.246484375 0.71240234375 0.012890625 0.02294921875
0 0.20546875 0.7138671875 0.017578125 0.02734375
0 0.16171875 0.712890625 0.0203125 0.02734375
0 0.119921875 0.71923828125 0.01640625 0.02490234375
0 0.079296875 0.71728515625 0.013671875 0.03271484375
0 0.041015625 0.7216796875 0.01953125 0.03271484375
0 0.1609375 0.3076171875 0.010546875 0.0205078125
0 0.02734375 0.31640625 0.015625 0.0205078125
0 0.005859375 0.59033203125 0.010546875 0.02490234375
0 0.003515625 0.72314453125 0.005859375 0.0263671875
0 0.35625 0.5732421875 0.015625 0.02294921875
0 0.407421875 0.5703125 0.013671875 0.02587890625
0 0.425 0.6953125 0.01640625 0.0205078125
0 0.46484375 0.6943359375 0.019140625 0.0185546875
0 0.448046875 0.5654296875 0.019140625 0.0263671875
0 0.4953125 0.56591796875 0.0171875 0.02392578125
0 0.537890625 0.57275390625 0.018359375 0.0263671875
0 0.58359375 0.5625 0.022265625 0.03271484375
0 0.621875 0.5634765625 0.017578125 0.03271484375
0 0.67109375 0.560546875 0.022265625 0.02734375
0 0.717578125 0.5556640625 0.018359375 0.0283203125
0 0.759375 0.54931640625 0.015625 0.0263671875
0 0.79375 0.552734375 0.01640625 0.029296875
0 0.835546875 0.55029296875 0.017578125 0.0283203125
0 0.512890625 0.6953125 0.025 0.02734375
0 0.570703125 0.68994140625 0.02734375 0.03466796875
0 0.61171875 0.68359375 0.026171875 0.0380859375
0 0.65625 0.68505859375 0.02734375 0.03369140625
0 0.69609375 0.68701171875 0.0234375 0.0361328125
0 0.7375 0.67822265625 0.01640625 0.02392578125
0 0.782421875 0.6787109375 0.015625 0.0283203125
0 0.820703125 0.6787109375 0.0125 0.02099609375
0 0.860546875 0.67236328125 0.021484375 0.03466796875
0 0.901171875 0.669921875 0.021484375 0.037109375
0 0.940234375 0.67236328125 0.0109375 0.0390625
0 0.980859375 0.66943359375 0.01953125 0.04150390625
0 0.876953125 0.552734375 0.019140625 0.03271484375
0 0.918359375 0.544921875 0.022265625 0.03076171875
0 0.962890625 0.5498046875 0.019140625 0.03271484375
0 0.9921875 0.79296875 0.014453125 0.03369140625
0 0.95078125 0.794921875 0.013671875 0.0185546875
0 0.905078125 0.79931640625 0.015625 0.02734375
0 0.8609375 0.80126953125 0.017578125 0.029296875
0 0.811328125 0.79931640625 0.009765625 0.01513671875
0 0.765234375 0.80126953125 0.014453125 0.02392578125
0 0.715234375 0.8056640625 0.01484375 0.03271484375
0 0.67109375 0.80615234375 0.01484375 0.02490234375
0 0.624609375 0.80810546875 0.021484375 0.03369140625
0 0.575390625 0.81103515625 0.021484375 0.02734375
0 0.529296875 0.81494140625 0.018359375 0.0263671875
0 0.4796875 0.81689453125 0.018359375 0.03369140625
0 0.578515625 0.9443359375 0.012890625 0.0263671875
0 0.61796875 0.9365234375 0.017578125 0.02294921875
0 0.6609375 0.93798828125 0.019140625 0.03369140625
0 0.692578125 0.935546875 0.01640625 0.0263671875
0 0.734765625 0.93017578125 0.018359375 0.0263671875
0 0.77578125 0.92626953125 0.0171875 0.029296875
0 0.820703125 0.931640625 0.017578125 0.0361328125
0 0.86015625 0.9208984375 0.02109375 0.03466796875
0 0.896484375 0.92041015625 0.017578125 0.02490234375
0 0.9328125 0.9228515625 0.01171875 0.02490234375
0 0.973046875 0.91455078125 0.01484375 0.0185546875
0 0.53984375 0.9423828125 0.012890625 0.02099609375
0 0.500390625 0.94384765625 0.019140625 0.03466796875
0 0.458203125 0.94580078125 0.015625 0.03076171875
0 0.419921875 0.94775390625 0.017578125 0.04052734375
0 0.430859375 0.8212890625 0.01640625 0.0283203125
0 0.384375 0.82177734375 0.02109375 0.03466796875
0 0.376953125 0.95361328125 0.018359375 0.03076171875
0 0.33671875 0.95361328125 0.02109375 0.03076171875
0 0.29453125 0.95458984375 0.0203125 0.029296875
0 0.255859375 0.96240234375 0.0203125 0.02734375
0 0.21484375 0.9697265625 0.021484375 0.03515625
0 0.17578125 0.9658203125 0.008984375 0.0166015625
0 0.13359375 0.97265625 0.021484375 0.0283203125
0 0.025 0.98193359375 0.015625 0.02587890625
0 0.05703125 0.97705078125 0.013671875 0.02099609375
0 0.101953125 0.9716796875 0.0171875 0.0263671875
0 0.044140625 0.84423828125 0.01484375 0.02099609375
0 0.0890625 0.84228515625 0.01640625 0.017578125
0 0.13984375 0.83447265625 0.025 0.0302734375
0 0.190234375 0.8330078125 0.0171875 0.03466796875
0 0.23984375 0.8359375 0.0234375 0.0361328125
0 0.2875 0.826171875 0.018359375 0.0380859375
0 0.3390625 0.8232421875 0.0171875 0.03076171875
0 0.0046875 0.841796875 0.0078125 0.0400390625