0 0.02421875 0.1865234375 0.0390625 0.037109375
0 0.103125 0.19287109375 0.034765625 0.04248046875
0 0.18046875 0.193359375 0.037890625 0.0361328125
0 0.255859375 0.1982421875 0.037109375 0.04248046875
0 0.33125 0.2001953125 0.02734375 0.0390625
0 0.405078125 0.203125 0.02890625 0.0361328125
0 0.4890625 0.20458984375 0.02421875 0.03515625
0 0.562890625 0.2041015625 0.025 0.03076171875
0 0.641796875 0.19580078125 0.037890625 0.03271484375
0 0.709765625 0.2021484375 0.022265625 0.02734375
0 0.062890625 0.30859375 0.03203125 0.0205078125
0 0.1421875 0.32080078125 0.03203125 0.02392578125
0 0.29296875 0.32763671875 0.025 0.03173828125
0 0.35625 0.32763671875 0.026171875 0.0302734375
0 0.433984375 0.32666015625 0.02890625 0.03515625
0 0.50546875 0.3291015625 0.030859375 0.037109375
0 0.57421875 0.32373046875 0.025390625 0.03173828125
0 0.644921875 0.32470703125 0.033203125 0.03173828125
0 0.715234375 0.3193359375 0.029296875 0.0302734375
0 0.783984375 0.31884765625 0.026953125 0.029296875
0 0.85546875 0.32177734375 0.03125 0.02734375
0 0.7734375 0.1962890625 0.026953125 0.03369140625
0 0.851171875 0.19140625 0.022265625 0.02587890625
0 0.925 0.1923828125 0.026171875 0.03466796875
0 0.923046875 0.3125 0.025 0.0302734375
0 0.9890625 0.185546875 0.02109375 0.03076171875
0 0.986328125 0.31298828125 0.022265625 0.029296875
0 0.2109375 0.322265625 0.015625 0.01611328125
0 0.05078125 0.43798828125 0.030859375 0.03173828125
0 0.11875 0.4501953125 0.029296875 0.03466796875
0 0.187890625 0.44580078125 0.028125 0.02294921875
0 0.2609375 0.45849609375 0.026171875 0.0283203125
0 0.323828125 0.4619140625 0.026953125 0.03515625
0 0.283203125 0.57470703125 0.0203125 0.02734375
0 0.352734375 0.57421875 0.034765625 0.03173828125
0 0.14296875 0.568359375 0.033203125 0.029296875
0 0.216796875 0.5732421875 0.026953125 0.01953125
0 0.067578125 0.5654296875 0.029296875 0.02294921875
0 0.137109375 0.69189453125 0.023046875 0.0263671875
0 0.26640625 0.6953125 0.0125 0.02197265625
0 0.341796875 0.6923828125 0.033984375 0.02587890625
0 0.0734375 0.68701171875 0.025390625 0.0185546875
0 0.01484375 0.6767578125 0.023046875 0.02099609375
0 0.034375 0.79443359375 0.0359375 0.02587890625
0 0.091015625 0.8017578125 0.025 0.0283203125
0 0.2109375 0.80517578125 0.019140625 0.02294921875
0 0.27109375 0.8017578125 0.0234375 0.0283203125
0 0.336328125 0.806640625 0.023046875 0.02197265625
0 0.412890625 0.69921875 0.026171875 0.02294921875
0 0.401171875 0.8046875 0.021484375 0.02197265625
0 0.464453125 0.80224609375 0.026953125 0.02392578125
0 0.521875 0.79931640625 0.023046875 0.02587890625
0 0.576953125 0.80517578125 0.023046875 0.02490234375
0 0.637890625 0.8046875 0.0234375 0.02587890625
0 0.697265625 0.7939453125 0.026171875 0.03369140625
0 0.74765625 0.79150390625 0.03671875 0.03466796875
0 0.801953125 0.79248046875 0.04296875 0.03076171875
0 0.858203125 0.78759765625 0.012890625 0.01611328125
0 0.912890625 0.77734375 0.02890625 0.0361328125
0 0.971875 0.78076171875 0.02734375 0.03369140625
0 0.99453125 0.66064453125 0.009765625 0.03076171875
0 0.935546875 0.66796875 0.028125 0.0283203125
0 0.81484375 0.68212890625 0.01953125 0.02099609375
0 0.753515625 0.69091796875 0.02109375 0.02490234375
0 0.6890625 0.693359375 0.026953125 0.03076171875
0 0.48671875 0.69775390625 0.026953125 0.029296875
0 0.557421875 0.69384765625 0.033984375 0.0390625
0 0.61796875 0.6923828125 0.033203125 0.0361328125
0 0.453125 0.45751953125 0.034765625 0.03369140625
0 0.50859375 0.453125 0.02734375 0.0302734375
0 0.417578125 0.57275390625 0.026171875 0.0283203125
0 0.480859375 0.56689453125 0.040625 0.0400390625
0 0.548046875 0.5634765625 0.0359375 0.03369140625
0 0.6109375 0.56396484375 0.04375 0.0361328125
0 0.64921875 0.453125 0.028125 0.0302734375
0 0.72109375 0.447265625 0.021484375 0.029296875
0 0.778515625 0.44677734375 0.0328125 0.03369140625
0 0.84609375 0.44775390625 0.033203125 0.03369140625
0 0.6796875 0.56494140625 0.041796875 0.04345703125
0 0.74296875 0.55908203125 0.040625 0.0302734375
0 0.809375 0.56103515625 0.028125 0.0302734375
0 0.873046875 0.55322265625 0.03984375 0.0390625
0 0.929296875 0.54052734375 0.030078125 0.037109375
0 0.989453125 0.541015625 0.01953125 0.03076171875
0 0.976171875 0.43603515625 0.023046875 0.02734375
0 0.904296875 0.44140625 0.019140625 0.02294921875
0 0.388671875 0.46240234375 0.0109375 0.01513671875
0 0.05703125 0.916015625 0.029296875 0.02294921875
0 0.12890625 0.9150390625 0.015625 0.01953125
0 0.196875 0.9150390625 0.025390625 0.02099609375
0 0.2546875 0.9150390625 0.025390625 0.02099609375
0 0.313671875 0.9111328125 0.02890625 0.02392578125
0 0.366015625 0.91796875 0.0171875 0.02197265625
0 0.42734375 0.91357421875 0.022265625 0.0361328125
0 0.48828125 0.91064453125 0.026171875 0.0302734375
0 0.551171875 0.916015625 0.01953125 0.03369140625
0 0.59765625 0.91796875 0.025390625 0.029296875
0 0.6546875 0.92041015625 0.021484375 0.0302734375
0 0.708984375 0.9130859375 0.030078125 0.0302734375
0 0.777734375 0.9072265625 0.033984375 0.0390625
0 0.910546875 0.900390625 0.015625 0.01171875
0 0.959765625 0.88525390625 0.0203125 0.03466796875
0 0.04375 0.044921875 0.03515625 0.03466796875
0 0.1171875 0.06005859375 0.030859375 0.03515625
0 0.19765625 0.0634765625 0.029296875 0.03076171875
0 0.2734375 0.06298828125 0.030859375 0.0263671875
0 0.351171875 0.05517578125 0.037109375 0.05224609375
0 0.4234375 0.0615234375 0.0328125 0.029296875
0 0.499609375 0.06201171875 0.038671875 0.037109375
0 0.57890625 0.064453125 0.040625 0.05859375
0 0.658203125 0.06494140625 0.045703125 0.048828125
0 0.730859375 0.06591796875 0.041015625 0.0556640625
0 0.810546875 0.06201171875 0.049609375 0.07080078125
0 0.887109375 0.05419921875 0.037109375 0.064453125
0 0.952734375 0.05078125 0.046484375 0.06103515625
1 0.626953125 0.13037109375 0.008984375 0.08740234375
1 0.7171875 0.2607421875 0.054296875 0.06103515625
1 0.10703125 0.2548828125 0.058984375 0.06201171875
1 0.190625 0.24609375 0.077734375 0.05322265625
1 0.281640625 0.27001953125 0.09296875 0.04931640625
1 0.2109375 0.53662109375 0.04765625 0.04345703125