0 0.04140625 0.158203125 0.026953125 0.0283203125
0 0.126953125 0.16259765625 0.02890625 0.02490234375
0 0.08671875 0.16748046875 0.017578125 0.017578125
0 0.1703125 0.15966796875 0.02421875 0.0185546875
0 0.21015625 0.15966796875 0.029296875 0.02197265625
0 0.252734375 0.15966796875 0.034765625 0.03271484375
0 0.301171875 0.16259765625 0.03203125 0.0283203125
0 0.340625 0.16064453125 0.026171875 0.029296875
0 0.384375 0.15966796875 0.0234375 0.02734375
0 0.424609375 0.16064453125 0.023046875 0.03076171875
0 0.5171875 0.16162109375 0.023046875 0.029296875
0 0.563671875 0.16162109375 0.025390625 0.02587890625
0 0.6046875 0.15869140625 0.02109375 0.02734375
0 0.652734375 0.16357421875 0.029296875 0.0283203125
0 0.7 0.16259765625 0.02109375 0.0283203125
0 0.75 0.1650390625 0.023046875 0.03076171875
0 0.79140625 0.1650390625 0.02890625 0.0361328125
0 0.8375 0.16015625 0.03203125 0.03369140625
0 0.887890625 0.16162109375 0.025390625 0.0361328125
0 0.935546875 0.16015625 0.029296875 0.03369140625
0 0.977734375 0.1591796875 0.03125 0.03173828125
0 0.969140625 0.25390625 0.025 0.0263671875
0 0.92578125 0.2529296875 0.02421875 0.02294921875
0 0.884765625 0.25244140625 0.025390625 0.029296875
0 0.84296875 0.25341796875 0.0234375 0.03271484375
0 0.8 0.25146484375 0.02734375 0.03369140625
0 0.75703125 0.25146484375 0.0234375 0.0283203125
0 0.723046875 0.255859375 0.018359375 0.03173828125
0 0.676953125 0.2490234375 0.03125 0.03271484375
0 0.638671875 0.25048828125 0.025 0.0283203125
0 0.5984375 0.25439453125 0.026953125 0.02392578125
0 0.55703125 0.24609375 0.025390625 0.03173828125
0 0.5171875 0.25048828125 0.0234375 0.0302734375
0 0.474609375 0.25 0.0171875 0.0205078125
0 0.437109375 0.248046875 0.0203125 0.02587890625
0 0.394140625 0.251953125 0.02890625 0.04345703125
0 0.315625 0.251953125 0.02890625 0.02587890625
0 0.27421875 0.2509765625 0.028125 0.03076171875
0 0.235546875 0.24951171875 0.025390625 0.0302734375
0 0.196875 0.25634765625 0.015625 0.0185546875
0 0.163671875 0.25634765625 0.01640625 0.0185546875
0 0.116796875 0.24560546875 0.029296875 0.0361328125
0 0.078515625 0.24365234375 0.026171875 0.029296875
0 0.03671875 0.2412109375 0.026171875 0.029296875
0 0.983203125 0.3466796875 0.028125 0.0400390625
0 0.936328125 0.349609375 0.028125 0.037109375
0 0.8921875 0.34619140625 0.030078125 0.03173828125
0 0.951953125 0.43408203125 0.03203125 0.03466796875
0 0.907421875 0.4306640625 0.030859375 0.03271484375
0 0.968359375 0.51806640625 0.02421875 0.03076171875
0 0.912890625 0.51904296875 0.037890625 0.04345703125
0 0.8609375 0.43505859375 0.03203125 0.04345703125
0 0.817578125 0.43017578125 0.03671875 0.05322265625
0 0.77265625 0.43359375 0.03125 0.04248046875
0 0.73046875 0.43115234375 0.041015625 0.04248046875
0 0.691015625 0.43212890625 0.042578125 0.06298828125
0 0.651953125 0.431640625 0.033203125 0.05126953125
0 0.60859375 0.43310546875 0.041796875 0.05419921875
0 0.669140625 0.34423828125 0.040625 0.0546875
0 0.70703125 0.35107421875 0.03515625 0.05419921875
0 0.758203125 0.35107421875 0.0390625 0.046875
0 0.801171875 0.35302734375 0.037109375 0.0478515625
0 0.8453125 0.34912109375 0.03203125 0.04150390625
0 0.624609375 0.34619140625 0.021484375 0.02099609375
0 0.58046875 0.34619140625 0.015625 0.02490234375
0 0.53515625 0.34375 0.04296875 0.0556640625
0 0.491015625 0.3447265625 0.03125 0.04150390625
0 0.447265625 0.3427734375 0.033203125 0.0380859375
0 0.3609375 0.337890625 0.0359375 0.0458984375
0 0.316015625 0.341796875 0.042578125 0.05419921875
0 0.272265625 0.34521484375 0.03203125 0.0458984375
0 0.226171875 0.33984375 0.0390625 0.04248046875
0 0.180859375 0.3349609375 0.034765625 0.044921875
0 0.137109375 0.33447265625 0.034765625 0.0458984375
0 0.094921875 0.32958984375 0.033984375 0.04345703125
0 0.016015625 0.333984375 0.030859375 0.048828125
0 0.076953125 0.41357421875 0.02109375 0.03076171875
0 0.11484375 0.416015625 0.023046875 0.03515625
0 0.15390625 0.41162109375 0.025390625 0.03369140625
0 0.196875 0.4169921875 0.025 0.0263671875
0 0.233984375 0.42041015625 0.03125 0.037109375
0 0.278515625 0.42431640625 0.0390625 0.046875
0 0.358203125 0.42236328125 0.03515625 0.04150390625
0 0.323828125 0.421875 0.0109375 0.0166015625
0 0.403125 0.41943359375 0.023046875 0.01953125
0 0.039453125 0.41552734375 0.030859375 0.0380859375
0 0.04921875 0.48876953125 0.026953125 0.029296875
0 0.13046875 0.49462890625 0.025390625 0.0302734375
0 0.17890625 0.49560546875 0.023046875 0.0283203125
0 0.216796875 0.5009765625 0.0203125 0.02490234375
0 0.278125 0.50390625 0.034765625 0.03076171875
0 0.319140625 0.50341796875 0.02890625 0.03515625
0 0.369140625 0.5068359375 0.02890625 0.0390625
0 0.4109375 0.50390625 0.02109375 0.029296875
0 0.44296875 0.4228515625 0.025 0.0390625
0 0.48359375 0.42626953125 0.0328125 0.0361328125
0 0.5203125 0.4267578125 0.0234375 0.0400390625
0 0.5640625 0.4306640625 0.030078125 0.0400390625
0 0.47265625 0.50830078125 0.030078125 0.044921875
0 0.5234375 0.5107421875 0.02890625 0.03515625
0 0.4390625 0.50830078125 0.0171875 0.01318359375
0 0.56796875 0.50732421875 0.015625 0.01513671875
0 0.6078125 0.513671875 0.02890625 0.04345703125
0 0.646875 0.513671875 0.0234375 0.03466796875
0 0.68984375 0.51318359375 0.030859375 0.0546875
0 0.733203125 0.51416015625 0.030078125 0.0390625
0 0.777734375 0.5185546875 0.033984375 0.05322265625
0 0.826953125 0.51806640625 0.00859375 0.01318359375
0 0.898828125 0.60595703125 0.03125 0.04345703125
0 0.86171875 0.6015625 0.029296875 0.05322265625
0 0.818359375 0.60595703125 0.0328125 0.0478515625
0 0.7765625 0.60400390625 0.03125 0.05419921875
0 0.733984375 0.60595703125 0.033984375 0.046875
0 0.696484375 0.60595703125 0.0359375 0.05419921875
0 0.659375 0.5966796875 0.025 0.03515625
0 0.621484375 0.59619140625 0.025 0.03076171875
0 0.585546875 0.5927734375 0.025 0.0302734375
0 0.55078125 0.591796875 0.026953125 0.03271484375
0 0.508984375 0.59130859375 0.034765625 0.04443359375
0 0.46953125 0.591796875 0.033203125 0.04345703125
0 0.4296875 0.587890625 0.026953125 0.0361328125
0 0.38828125 0.5869140625 0.02890625 0.03173828125
0 0.932421875 0.6015625 0.023046875 0.02099609375
0 0.97734375 0.607421875 0.01484375 0.02587890625
0 0.961328125 0.68896484375 0.014453125 0.01513671875
0 0.921484375 0.69482421875 0.026171875 0.03515625
0 0.8734375 0.69189453125 0.019140625 0.0302734375
0 0.833203125 0.6923828125 0.02890625 0.03271484375
0 0.787109375 0.68994140625 0.02421875 0.029296875
0 0.7390625 0.6884765625 0.01640625 0.02490234375
0 0.6921875 0.68310546875 0.02890625 0.03515625
0 0.63515625 0.6806640625 0.01953125 0.02294921875
0 0.594140625 0.6826171875 0.012890625 0.0205078125
0 0.549609375 0.6767578125 0.01171875 0.0166015625
0 0.508984375 0.6767578125 0.023046875 0.02734375
0 0.469140625 0.6767578125 0.013671875 0.01220703125
0 0.37890625 0.669921875 0.02109375 0.02490234375
0 0.34296875 0.5830078125 0.026953125 0.02490234375
0 0.30546875 0.580078125 0.01640625 0.0205078125
0 0.259765625 0.58447265625 0.029296875 0.029296875
0 0.221484375 0.57861328125 0.025 0.037109375
0 0.184765625 0.57861328125 0.021484375 0.0390625
0 0.144921875 0.57763671875 0.026953125 0.03271484375
0 0.09765625 0.57470703125 0.019140625 0.0380859375
0 0.055078125 0.57763671875 0.025 0.0400390625
0 0.01328125 0.5771484375 0.0203125 0.04052734375
0 0.16953125 0.6669921875 0.017578125 0.03271484375
0 0.128125 0.66259765625 0.0234375 0.03369140625
0 0.08125 0.65673828125 0.02421875 0.0283203125
0 0.216015625 0.6630859375 0.01640625 0.0166015625
0 0.25546875 0.6640625 0.015625 0.0166015625
0 0.3 0.6708984375 0.014453125 0.017578125
0 0.34296875 0.669921875 0.013671875 0.01953125
0 0.044140625 0.6630859375 0.021484375 0.02392578125
0 0.035546875 0.7373046875 0.028125 0.03173828125
0 0.07734375 0.73681640625 0.023046875 0.029296875
0 0.1171875 0.74267578125 0.029296875 0.03369140625
0 0.156640625 0.7431640625 0.025390625 0.04150390625
0 0.19375 0.74609375 0.03203125 0.04052734375
0 0.23828125 0.7509765625 0.0359375 0.044921875
0 0.276953125 0.74951171875 0.033984375 0.04443359375
0 0.317578125 0.7607421875 0.03125 0.04345703125
0 0.358203125 0.76318359375 0.037890625 0.046875
0 0.399609375 0.76318359375 0.029296875 0.0361328125
0 0.445703125 0.76708984375 0.0390625 0.04248046875
0 0.4828125 0.76513671875 0.030078125 0.0361328125
0 0.525 0.77490234375 0.037109375 0.048828125
0 0.565234375 0.78076171875 0.03671875 0.03466796875
0 0.608203125 0.77587890625 0.034765625 0.0478515625
0 0.649609375 0.78955078125 0.03515625 0.04443359375
0 0.691796875 0.78515625 0.034765625 0.05029296875
0 0.737890625 0.78125 0.0390625 0.0546875
0 0.776953125 0.78125 0.0359375 0.0458984375
0 0.8140625 0.78466796875 0.0359375 0.04345703125
0 0.854296875 0.783203125 0.02890625 0.0390625
0 0.894921875 0.78857421875 0.03203125 0.04248046875
0 0.9328125 0.78466796875 0.026171875 0.03271484375
0 0.973828125 0.78515625 0.02890625 0.037109375
0 0.996484375 0.7001953125 0.005859375 0.03369140625
0 0.99609375 0.7880859375 0.006640625 0.03076171875
0 0.914453125 0.87646484375 0.02890625 0.0380859375
0 0.95546875 0.8798828125 0.030078125 0.04443359375
0 0.851953125 0.87255859375 0.02421875 0.02294921875
0 0.978125 0.96875 0.03984375 0.04345703125
0 0.9375 0.97412109375 0.03984375 0.0400390625
0 0.89453125 0.96533203125 0.037109375 0.04248046875
0 0.845703125 0.96533203125 0.041796875 0.0458984375
0 0.800390625 0.955078125 0.0125 0.02099609375
0 0.758203125 0.95947265625 0.0390625 0.04931640625
0 0.7125 0.958984375 0.04453125 0.05419921875
0 0.628125 0.9501953125 0.0328125 0.0400390625
0 0.53515625 0.951171875 0.033984375 0.06005859375
0 0.494921875 0.95068359375 0.030859375 0.04931640625
0 0.43046875 0.9365234375 0.021484375 0.03076171875
0 0.396875 0.939453125 0.021484375 0.02734375
0 0.369140625 0.935546875 0.01953125 0.0302734375
0 0.337109375 0.93359375 0.019140625 0.0263671875
0 0.301171875 0.9345703125 0.01953125 0.01953125
0 0.223828125 0.92333984375 0.02421875 0.0361328125
0 0.245703125 0.83935546875 0.0234375 0.03271484375
0 0.2875 0.8447265625 0.018359375 0.03271484375
0 0.325 0.84326171875 0.0234375 0.0283203125
0 0.3640625 0.845703125 0.026171875 0.02587890625
0 0.40546875 0.8447265625 0.017578125 0.03076171875
0 0.4515625 0.84765625 0.015625 0.02294921875
0 0.53046875 0.84814453125 0.019140625 0.029296875
0 0.570703125 0.8583984375 0.02734375 0.0390625
0 0.6125 0.861328125 0.030078125 0.0380859375
0 0.655859375 0.8603515625 0.026953125 0.03369140625
0 0.696875 0.86376953125 0.02890625 0.04931640625
0 0.741015625 0.8642578125 0.033203125 0.04150390625
0 0.776953125 0.865234375 0.025390625 0.029296875
0 0.81015625 0.8671875 0.026953125 0.037109375
0 0.85 0.08984375 0.01484375 0.02587890625
0 0.633984375 0.08740234375 0.0171875 0.02490234375
0 0.5953125 0.08740234375 0.015625 0.01611328125
0 0.551953125 0.0869140625 0.01640625 0.017578125
0 0.512890625 0.08544921875 0.0171875 0.02587890625
0 0.4734375 0.0810546875 0.021484375 0.03466796875
0 0.433203125 0.0859375 0.0171875 0.017578125
0 0.3921875 0.0830078125 0.01953125 0.0263671875
0 0.348046875 0.07763671875 0.030859375 0.05126953125
0 0.7609375 0.095703125 0.014453125 0.02490234375
0 0.80703125 0.09130859375 0.0109375 0.01611328125
0 0.89375 0.08935546875 0.019140625 0.0390625
0 0.93984375 0.08740234375 0.018359375 0.029296875
0 0.98359375 0.08251953125 0.0171875 0.03466796875
0 0.1796875 0.92041015625 0.026171875 0.0263671875
0 0.15390625 0.92236328125 0.01640625 0.01953125
0 0.124609375 0.91748046875 0.013671875 0.02392578125
0 0.087890625 0.91455078125 0.01640625 0.02197265625
0 0.078125 0.83251953125 0.021484375 0.02734375
0 0.122265625 0.83154296875 0.008984375 0.01318359375
0 0.16640625 0.8359375 0.019140625 0.0185546875
0 0.203125 0.84228515625 0.013671875 0.01220703125
0 0.041015625 0.828125 0.01640625 0.0263671875
0 0.046875 0.916015625 0.00859375 0.0107421875
0 0.01015625 0.91259765625 0.019140625 0.02734375
0 0.262109375 0.0751953125 0.025 0.02490234375
0 0.225 0.0791015625 0.012890625 0.0185546875
0 0.184765625 0.076171875 0.017578125 0.02099609375
0 0.1484375 0.07421875 0.030078125 0.03515625
0 0.075 0.0751953125 0.03203125 0.0283203125
0 0.00703125 0.0712890625 0.012890625 0.02392578125