0 0.978515625 0.12451171875 0.041015625 0.0634765625
0 0.93203125 0.126953125 0.054296875 0.07275390625
0 0.87734375 0.13232421875 0.0453125 0.0537109375
0 0.822265625 0.13134765625 0.03984375 0.08203125
0 0.773828125 0.1298828125 0.044921875 0.0712890625
0 0.723828125 0.12939453125 0.037890625 0.06298828125
0 0.68125 0.13427734375 0.034375 0.05419921875
0 0.6296875 0.13818359375 0.0390625 0.072265625
0 0.58203125 0.13232421875 0.04140625 0.0693359375
0 0.5296875 0.14013671875 0.047265625 0.07275390625
0 0.480859375 0.14208984375 0.047265625 0.06591796875
0 0.43046875 0.14599609375 0.045703125 0.05810546875
0 0.381640625 0.13916015625 0.043359375 0.05517578125
0 0.334375 0.14697265625 0.046484375 0.06884765625
0 0.278125 0.2373046875 0.037109375 0.046875
0 0.2296875 0.2421875 0.032421875 0.0498046875
0 0.331640625 0.23681640625 0.041015625 0.04541015625
0 0.63359375 0.2333984375 0.034375 0.05419921875
0 0.587109375 0.23291015625 0.037890625 0.04150390625
0 0.533203125 0.2314453125 0.045703125 0.046875
0 0.476171875 0.23193359375 0.031640625 0.0361328125
0 0.42890625 0.23681640625 0.02890625 0.0302734375
0 0.38203125 0.23779296875 0.0296875 0.03515625
0 0.28203125 0.1357421875 0.037109375 0.04541015625
0 0.233203125 0.13525390625 0.0328125 0.03955078125
0 0.18515625 0.14306640625 0.02890625 0.03515625
0 0.136328125 0.14404296875 0.03359375 0.04052734375
0 0.094140625 0.14404296875 0.03984375 0.03564453125
0 0.13203125 0.2421875 0.030859375 0.02734375
0 0.1796875 0.23681640625 0.038671875 0.033203125
0 0.684375 0.23095703125 0.030859375 0.0263671875
0 0.734765625 0.2294921875 0.037890625 0.0419921875
0 0.790234375 0.22802734375 0.0390625 0.04345703125
0 0.843359375 0.22802734375 0.037109375 0.04638671875
0 0.89609375 0.22900390625 0.034375 0.037109375
0 0.950390625 0.22607421875 0.03359375 0.0361328125
0 0.991796875 0.22802734375 0.015625 0.03955078125
0 0.9578125 0.33984375 0.04921875 0.0419921875
0 0.910546875 0.34814453125 0.036328125 0.05419921875
0 0.855078125 0.3544921875 0.03984375 0.05322265625
0 0.8046875 0.3466796875 0.0234375 0.0341796875
0 0.758203125 0.34716796875 0.04140625 0.06396484375
0 0.70546875 0.357421875 0.03828125 0.0703125
0 0.65078125 0.35302734375 0.038671875 0.05859375
0 0.599609375 0.359375 0.0328125 0.060546875
0 0.5484375 0.3466796875 0.0296875 0.04052734375
0 0.502734375 0.349609375 0.032421875 0.03955078125
0 0.449609375 0.34912109375 0.03515625 0.0439453125
0 0.403125 0.3515625 0.03984375 0.03662109375
0 0.351953125 0.3505859375 0.038671875 0.04443359375
0 0.305078125 0.3515625 0.04453125 0.04052734375
0 0.25 0.35205078125 0.0375 0.03857421875
0 0.20625 0.35302734375 0.030859375 0.0341796875
0 0.153515625 0.35595703125 0.03359375 0.033203125
0 0.105078125 0.36181640625 0.03359375 0.033203125
0 0.090234375 0.45654296875 0.032421875 0.0341796875
0 0.137109375 0.4599609375 0.0328125 0.04443359375
0 0.183203125 0.455078125 0.027734375 0.02880859375
0 0.230078125 0.45703125 0.02578125 0.037109375
0 0.2765625 0.45458984375 0.036328125 0.04052734375
0 0.316015625 0.4541015625 0.03359375 0.03466796875
0 0.366796875 0.4482421875 0.037890625 0.046875
0 0.42109375 0.4482421875 0.034375 0.03662109375
0 0.510546875 0.451171875 0.03828125 0.03955078125
0 0.56484375 0.44873046875 0.03515625 0.03759765625
0 0.607421875 0.4501953125 0.041015625 0.05126953125
0 0.661328125 0.45166015625 0.04296875 0.0556640625
0 0.712109375 0.4560546875 0.04765625 0.0576171875
0 0.76640625 0.45263671875 0.031640625 0.04345703125
0 0.810546875 0.44384765625 0.03984375 0.05419921875
0 0.859765625 0.44873046875 0.044921875 0.05712890625
0 0.91015625 0.44970703125 0.04921875 0.07421875
0 0.958984375 0.44970703125 0.0375 0.076171875
0 0.96328125 0.54833984375 0.051171875 0.0703125
0 0.910546875 0.55615234375 0.046875 0.076171875
0 0.86328125 0.55517578125 0.04453125 0.05615234375
0 0.815625 0.55908203125 0.0421875 0.060546875
0 0.7640625 0.560546875 0.04375 0.06396484375
0 0.71171875 0.5673828125 0.035546875 0.06787109375
0 0.658984375 0.55810546875 0.0484375 0.0673828125
0 0.611328125 0.5625 0.037890625 0.05322265625
0 0.561328125 0.56689453125 0.038671875 0.0498046875
0 0.5140625 0.56201171875 0.04140625 0.0595703125
0 0.4640625 0.5595703125 0.0453125 0.06005859375
0 0.4171875 0.564453125 0.038671875 0.0537109375
0 0.36953125 0.56298828125 0.03828125 0.05224609375
0 0.319921875 0.564453125 0.032421875 0.04150390625
0 0.2265625 0.5673828125 0.038671875 0.05078125
0 0.131640625 0.56982421875 0.05 0.05517578125
0 0.084375 0.56787109375 0.034375 0.05029296875
0 0.083984375 0.248046875 0.03515625 0.04248046875
0 0.031640625 0.2412109375 0.040625 0.03076171875
0 0.038671875 0.150390625 0.062890625 0.06884765625
0 0.855859375 0.64453125 0.04140625 0.04248046875
0 0.905859375 0.64404296875 0.035546875 0.0458984375
0 0.954296875 0.63916015625 0.034375 0.0341796875
0 0.7578125 0.64501953125 0.03515625 0.03564453125
0 0.7109375 0.64794921875 0.04140625 0.04833984375
0 0.80546875 0.64892578125 0.042578125 0.04296875
0 0.608984375 0.64990234375 0.03515625 0.05322265625
0 0.5609375 0.65380859375 0.030859375 0.0419921875
0 0.50859375 0.6572265625 0.03046875 0.0322265625
0 0.4609375 0.6533203125 0.034765625 0.04345703125
0 0.412890625 0.65625 0.037109375 0.04150390625
0 0.362109375 0.65283203125 0.038671875 0.04736328125
0 0.318359375 0.66455078125 0.035546875 0.05029296875
0 0.27734375 0.66259765625 0.0375 0.05126953125
0 0.18046875 0.6572265625 0.023046875 0.02978515625
0 0.22109375 0.6591796875 0.03515625 0.04296875
0 0.12265625 0.76123046875 0.0421875 0.03955078125
0 0.166796875 0.76318359375 0.032421875 0.04443359375
0 0.211328125 0.765625 0.040625 0.052734375
0 0.258984375 0.767578125 0.044140625 0.05078125
0 0.309375 0.76416015625 0.04140625 0.06494140625
0 0.35234375 0.75927734375 0.036328125 0.07080078125
0 0.405859375 0.75634765625 0.04453125 0.06787109375
0 0.45625 0.75439453125 0.03984375 0.068359375
0 0.5015625 0.7568359375 0.0453125 0.0673828125
0 0.552734375 0.76611328125 0.048828125 0.064453125
0 0.60390625 0.75537109375 0.047265625 0.07080078125
0 0.650390625 0.75390625 0.0453125 0.0693359375
0 0.7046875 0.75 0.037890625 0.0595703125
0 0.7515625 0.7548828125 0.04140625 0.08349609375
0 0.803125 0.7529296875 0.042578125 0.05322265625
0 0.853125 0.74658203125 0.030078125 0.037109375
0 0.907421875 0.75390625 0.051953125 0.05859375
0 0.9578125 0.7421875 0.0453125 0.04150390625
0 0.803125 0.8447265625 0.043359375 0.04052734375
0 0.748828125 0.8408203125 0.035546875 0.03955078125
0 0.70078125 0.84521484375 0.043359375 0.04150390625
0 0.652734375 0.84326171875 0.038671875 0.04296875
0 0.60234375 0.8515625 0.046875 0.06201171875
0 0.555859375 0.8486328125 0.044921875 0.048828125
0 0.455859375 0.85205078125 0.03828125 0.06103515625
0 0.50390625 0.84326171875 0.03984375 0.044921875
0 0.408984375 0.84912109375 0.0328125 0.0419921875
0 0.36328125 0.85302734375 0.037890625 0.0341796875
0 0.3171875 0.8486328125 0.0328125 0.0380859375
0 0.267578125 0.84814453125 0.02890625 0.0361328125
0 0.1734375 0.849609375 0.035546875 0.037109375
0 0.12578125 0.8505859375 0.03828125 0.03759765625
0 0.0796875 0.85546875 0.03515625 0.04345703125
0 0.029296875 0.85205078125 0.034765625 0.04296875
0 0.019140625 0.94970703125 0.037890625 0.05322265625
0 0.065625 0.94970703125 0.0515625 0.05517578125
0 0.115234375 0.95166015625 0.04921875 0.05419921875
0 0.316796875 0.95166015625 0.034765625 0.05078125
0 0.3625 0.94580078125 0.03828125 0.0498046875
0 0.411328125 0.9443359375 0.039453125 0.041015625
0 0.462890625 0.94775390625 0.04609375 0.06103515625
0 0.51171875 0.943359375 0.046875 0.064453125
0 0.55859375 0.947265625 0.0375 0.05126953125
0 0.606640625 0.94580078125 0.04609375 0.05517578125
0 0.65859375 0.94677734375 0.04453125 0.0478515625
0 0.708203125 0.951171875 0.046484375 0.0615234375
0 0.760546875 0.95068359375 0.0421875 0.05908203125
0 0.80703125 0.94580078125 0.044921875 0.05517578125
0 0.858203125 0.94921875 0.04921875 0.06298828125
0 0.912890625 0.95556640625 0.05078125 0.06787109375
0 0.962109375 0.94580078125 0.041796875 0.05419921875
0 0.85 0.84326171875 0.03828125 0.044921875
0 0.959765625 0.84814453125 0.0234375 0.0341796875
0 0.13515625 0.6640625 0.038671875 0.037109375
0 0.084375 0.66015625 0.038671875 0.04150390625
0 0.033203125 0.65869140625 0.05078125 0.03759765625
0 0.0703125 0.76611328125 0.05 0.0380859375
0 0.0171875 0.77734375 0.03359375 0.0615234375