0 0.161328125 0.08447265625 0.02734375 0.03369140625
0 0.207421875 0.08056640625 0.030078125 0.04345703125
0 0.249609375 0.08203125 0.0375 0.04296875
0 0.290625 0.07666015625 0.02734375 0.04443359375
0 0.3234375 0.078125 0.03359375 0.05126953125
0 0.371484375 0.0810546875 0.040234375 0.05517578125
0 0.41171875 0.07958984375 0.030859375 0.0498046875
0 0.456640625 0.0810546875 0.03984375 0.04736328125
0 0.501953125 0.07861328125 0.031640625 0.04248046875
0 0.546875 0.07666015625 0.030859375 0.04345703125
0 0.5953125 0.07861328125 0.031640625 0.044921875
0 0.638671875 0.072265625 0.043359375 0.0361328125
0 0.686328125 0.0703125 0.03125 0.044921875
0 0.733203125 0.06689453125 0.034375 0.03955078125
0 0.78359375 0.0625 0.03046875 0.046875
0 0.832421875 0.06494140625 0.032421875 0.04150390625
0 0.883984375 0.064453125 0.037890625 0.04345703125
0 0.932421875 0.060546875 0.040625 0.0458984375
0 0.933984375 0.1455078125 0.0359375 0.04443359375
0 0.887890625 0.15185546875 0.036328125 0.04931640625
0 0.8453125 0.14892578125 0.037890625 0.04541015625
0 0.80078125 0.1552734375 0.0375 0.05517578125
0 0.75703125 0.15625 0.032421875 0.0419921875
0 0.7078125 0.15576171875 0.037109375 0.0439453125
0 0.6640625 0.1591796875 0.0390625 0.04296875
0 0.6203125 0.1552734375 0.0328125 0.04345703125
0 0.57421875 0.15771484375 0.040234375 0.05126953125
0 0.5328125 0.16015625 0.0296875 0.05126953125
0 0.48671875 0.16650390625 0.033984375 0.05322265625
0 0.444921875 0.16357421875 0.0359375 0.04248046875
0 0.35859375 0.1640625 0.0359375 0.046875
0 0.40390625 0.1630859375 0.0359375 0.03857421875
0 0.315234375 0.16650390625 0.0234375 0.02587890625
0 0.275 0.16650390625 0.0359375 0.04345703125
0 0.2359375 0.1630859375 0.03671875 0.046875
0 0.2015625 0.1640625 0.028125 0.04052734375
0 0.1578125 0.162109375 0.037890625 0.0419921875
0 0.9796875 0.14208984375 0.03984375 0.0322265625
0 0.9796875 0.0498046875 0.03984375 0.04736328125
0 0.972265625 0.236328125 0.023046875 0.03564453125
0 0.929296875 0.24853515625 0.040625 0.05126953125
0 0.87421875 0.24072265625 0.035546875 0.041015625
0 0.82109375 0.24072265625 0.036328125 0.03857421875
0 0.76640625 0.244140625 0.02265625 0.03564453125
0 0.716015625 0.24072265625 0.040234375 0.04248046875
0 0.6640625 0.24267578125 0.042578125 0.04443359375
0 0.609375 0.24169921875 0.030078125 0.03515625
0 0.56171875 0.24169921875 0.044921875 0.03515625
0 0.5125 0.24560546875 0.0328125 0.046875
0 0.465234375 0.2431640625 0.03828125 0.0419921875
0 0.36796875 0.24853515625 0.030078125 0.04150390625
0 0.32421875 0.24951171875 0.038671875 0.037109375
0 0.280859375 0.24755859375 0.04296875 0.0400390625
0 0.232421875 0.24755859375 0.053125 0.05712890625
0 0.181640625 0.24609375 0.040234375 0.0458984375
0 0.136328125 0.25 0.044921875 0.033203125
0 0.09453125 0.25341796875 0.0390625 0.03515625
0 0.069921875 0.34375 0.043359375 0.05712890625
0 0.1359375 0.33935546875 0.044921875 0.05712890625
0 0.18203125 0.3369140625 0.03984375 0.0498046875
0 0.2296875 0.33740234375 0.03359375 0.04443359375
0 0.27265625 0.3359375 0.0421875 0.05517578125
0 0.321875 0.33935546875 0.043359375 0.0478515625
0 0.365234375 0.34228515625 0.040625 0.0625
0 0.40859375 0.3369140625 0.038671875 0.04052734375
0 0.45 0.33642578125 0.03671875 0.0537109375
0 0.54453125 0.3388671875 0.040234375 0.048828125
0 0.586328125 0.33984375 0.0359375 0.05224609375
0 0.630859375 0.33837890625 0.048828125 0.07080078125
0 0.675 0.33935546875 0.030859375 0.04296875
0 0.715234375 0.33544921875 0.042578125 0.0576171875
0 0.756640625 0.333984375 0.0375 0.048828125
0 0.802734375 0.3388671875 0.046484375 0.0615234375
0 0.849609375 0.33447265625 0.044140625 0.03857421875
0 0.9 0.34228515625 0.0515625 0.06494140625
0 0.939453125 0.32861328125 0.0328125 0.0390625
0 0.984375 0.3291015625 0.03046875 0.0341796875
0 0.771484375 0.42822265625 0.034375 0.0361328125
0 0.82890625 0.4296875 0.030859375 0.03515625
0 0.875 0.4306640625 0.031640625 0.03076171875
0 0.918359375 0.43408203125 0.024609375 0.0361328125
0 0.61171875 0.423828125 0.032421875 0.03857421875
0 0.563671875 0.42578125 0.0296875 0.03515625
0 0.31484375 0.42431640625 0.03359375 0.0322265625
0 0.26796875 0.42529296875 0.032421875 0.0302734375
0 0.137109375 0.42431640625 0.036328125 0.03759765625
0 0.084375 0.42041015625 0.0296875 0.03466796875
0 0.041796875 0.42138671875 0.044921875 0.04052734375
0 0.9015625 0.5244140625 0.02890625 0.0322265625
0 0.85859375 0.52294921875 0.026171875 0.03173828125
0 0.766015625 0.52197265625 0.037109375 0.04248046875
0 0.709375 0.52099609375 0.03515625 0.0400390625
0 0.7859375 0.6181640625 0.038671875 0.0439453125
0 0.729296875 0.62060546875 0.044140625 0.05078125
0 0.68359375 0.61865234375 0.033984375 0.04833984375
0 0.641796875 0.62255859375 0.04375 0.0517578125
0 0.5890625 0.62060546875 0.053515625 0.05615234375
0 0.537890625 0.61279296875 0.0484375 0.06640625
0 0.491015625 0.61474609375 0.03671875 0.0615234375
0 0.453125 0.611328125 0.033203125 0.05615234375
0 0.411328125 0.6044921875 0.0328125 0.0478515625
0 0.66484375 0.515625 0.04609375 0.044921875
0 0.618359375 0.51513671875 0.0328125 0.041015625
0 0.575 0.5166015625 0.0390625 0.0517578125
0 0.52734375 0.51513671875 0.03984375 0.04443359375
0 0.47890625 0.51513671875 0.037890625 0.0458984375
0 0.433203125 0.51806640625 0.04765625 0.05517578125
0 0.3890625 0.505859375 0.0328125 0.033203125
0 0.341015625 0.51416015625 0.03828125 0.04443359375
0 0.294140625 0.51318359375 0.0328125 0.037109375
0 0.24296875 0.51318359375 0.034375 0.03369140625
0 0.20078125 0.51318359375 0.03359375 0.04052734375
0 0.15859375 0.50732421875 0.03984375 0.03076171875
0 0.107421875 0.50634765625 0.0484375 0.0439453125
0 0.0609375 0.50439453125 0.039453125 0.044921875
0 0.0234375 0.50634765625 0.0265625 0.0390625
0 0.197265625 0.59814453125 0.03515625 0.03857421875
0 0.2390625 0.60107421875 0.03828125 0.04443359375
0 0.2796875 0.60205078125 0.036328125 0.0439453125
0 0.330859375 0.6044921875 0.032421875 0.03759765625
0 0.37109375 0.60400390625 0.036328125 0.03857421875
0 0.1015625 0.5947265625 0.0375 0.0341796875
0 0.145703125 0.6005859375 0.033203125 0.0400390625
0 0.05703125 0.59423828125 0.040234375 0.04052734375
0 0.018359375 0.59521484375 0.036328125 0.05322265625
0 0.01875 0.6748046875 0.023828125 0.02294921875
0 0.055078125 0.67529296875 0.034375 0.04345703125
0 0.096484375 0.67626953125 0.037109375 0.0341796875
0 0.14296875 0.6806640625 0.034765625 0.0390625
0 0.18828125 0.68310546875 0.03828125 0.0478515625
0 0.227734375 0.68115234375 0.031640625 0.03173828125
0 0.2671875 0.6865234375 0.0421875 0.046875
0 0.314453125 0.68896484375 0.035546875 0.03955078125
0 0.359375 0.69189453125 0.034765625 0.03955078125
0 0.400390625 0.6962890625 0.033984375 0.04638671875
0 0.4890625 0.70263671875 0.04375 0.06005859375
0 0.53671875 0.70263671875 0.037109375 0.0556640625
0 0.5875 0.70556640625 0.042578125 0.0458984375
0 0.636328125 0.70849609375 0.04140625 0.05615234375
0 0.6828125 0.7119140625 0.048046875 0.0615234375
0 0.733203125 0.712890625 0.053125 0.0615234375
0 0.830078125 0.61962890625 0.04140625 0.05810546875
0 0.659765625 0.80419921875 0.030078125 0.05078125
0 0.598828125 0.802734375 0.034765625 0.048828125
0 0.54375 0.79736328125 0.037109375 0.04443359375
0 0.49609375 0.79833984375 0.04140625 0.048828125
0 0.44765625 0.79541015625 0.037109375 0.044921875
0 0.39375 0.79052734375 0.032421875 0.0361328125
0 0.344921875 0.78515625 0.02578125 0.0341796875
0 0.3 0.78271484375 0.03046875 0.04443359375
0 0.26328125 0.77978515625 0.032421875 0.03564453125
0 0.22109375 0.7802734375 0.038671875 0.04345703125
0 0.175 0.77197265625 0.037109375 0.037109375
0 0.136328125 0.771484375 0.032421875 0.0361328125
0 0.092578125 0.7724609375 0.03203125 0.0322265625
0 0.04765625 0.76904296875 0.0296875 0.03857421875
0 0.01484375 0.7705078125 0.023828125 0.03076171875
0 0.0625 0.8564453125 0.03359375 0.033203125
0 0.112109375 0.861328125 0.02578125 0.0390625
0 0.15703125 0.8671875 0.025390625 0.03857421875
0 0.266015625 0.8662109375 0.02890625 0.0322265625
0 0.31484375 0.8740234375 0.02578125 0.04248046875
0 0.367578125 0.875 0.034765625 0.02783203125
0 0.426171875 0.88330078125 0.02578125 0.02392578125
0 0.478125 0.8837890625 0.026171875 0.03466796875
0 0.53359375 0.89892578125 0.03125 0.05322265625
0 0.58671875 0.9033203125 0.037890625 0.0576171875
0 0.6390625 0.896484375 0.033984375 0.0498046875
0 0.83828125 0.7138671875 0.0265625 0.0322265625
0 0.884765625 0.62353515625 0.023046875 0.0322265625
0 0.93828125 0.6318359375 0.025 0.03076171875
0 0.978515625 0.62109375 0.0265625 0.05029296875
0 0.878125 0.708984375 0.023828125 0.0322265625
0 0.9234375 0.7177734375 0.0265625 0.03125
0 0.964453125 0.71484375 0.032421875 0.04443359375
0 0.7734375 0.80712890625 0.0203125 0.03076171875
0 0.69375 0.810546875 0.018359375 0.025390625
0 0.71015625 0.90283203125 0.025 0.0322265625
0 0.859765625 0.92236328125 0.042578125 0.06787109375
0 0.90859375 0.9208984375 0.0578125 0.07470703125
0 0.957421875 0.9228515625 0.04765625 0.05712890625
0 0.926171875 0.81884765625 0.03984375 0.0439453125
0 0.980859375 0.82275390625 0.03671875 0.0380859375
0 0.8453125 0.81103515625 0.021875 0.0302734375
0 0.373046875 0.9736328125 0.036328125 0.0517578125
0 0.330078125 0.97119140625 0.046484375 0.05712890625
0 0.276171875 0.96826171875 0.0421875 0.0595703125
0 0.22890625 0.95947265625 0.052734375 0.0517578125
0 0.415625 0.9736328125 0.04375 0.05224609375
0 0.466015625 0.9765625 0.050390625 0.0458984375
0 0.604296875 0.98388671875 0.036328125 0.03173828125
0 0.140625 0.96484375 0.0546875 0.06982421875
0 0.0921875 0.95947265625 0.043359375 0.07421875
0 0.042578125 0.95068359375 0.056640625 0.06005859375
0 0.01328125 0.85888671875 0.02578125 0.03955078125
0 0.4734375 0.4248046875 0.022265625 0.0185546875
0 0.433203125 0.42626953125 0.019140625 0.02099609375
0 0.018359375 0.330078125 0.030859375 0.0439453125