0 0.108984375 0.10009765625 0.058203125 0.06787109375
0 0.162109375 0.09814453125 0.0578125 0.08349609375
0 0.255078125 0.08935546875 0.058984375 0.07080078125
0 0.30703125 0.087890625 0.0453125 0.0732421875
0 0.3546875 0.083984375 0.05390625 0.0732421875
0 0.446484375 0.07666015625 0.0390625 0.080078125
0 0.491015625 0.0732421875 0.04375 0.0771484375
0 0.53828125 0.06298828125 0.057421875 0.08154296875
0 0.585546875 0.0634765625 0.043359375 0.08251953125
0 0.63359375 0.06298828125 0.047265625 0.09423828125
0 0.72109375 0.06787109375 0.049609375 0.083984375
0 0.768359375 0.0654296875 0.044921875 0.0966796875
0 0.8171875 0.0625 0.05390625 0.099609375
0 0.907421875 0.05078125 0.0515625 0.0859375
0 0.9640625 0.0517578125 0.0546875 0.09228515625
0 0.5953125 0.169921875 0.043359375 0.06884765625
0 0.550390625 0.1748046875 0.050390625 0.076171875
0 0.49921875 0.18017578125 0.043359375 0.08837890625
0 0.451171875 0.18408203125 0.046875 0.09033203125
0 0.403515625 0.19091796875 0.047265625 0.07177734375
0 0.358203125 0.19189453125 0.04140625 0.05322265625
0 0.311328125 0.19287109375 0.036328125 0.03857421875
0 0.267578125 0.19921875 0.04765625 0.05615234375
0 0.22265625 0.2021484375 0.048828125 0.05419921875
0 0.170703125 0.20654296875 0.047265625 0.05419921875
0 0.08125 0.21142578125 0.038671875 0.03515625
0 0.692578125 0.17041015625 0.045703125 0.060546875
0 0.741015625 0.17333984375 0.04765625 0.06103515625
0 0.7890625 0.1669921875 0.049609375 0.0595703125
0 0.837890625 0.16162109375 0.0546875 0.076171875
0 0.880859375 0.158203125 0.046875 0.07470703125
0 0.9265625 0.1533203125 0.04375 0.0703125
0 0.973828125 0.15673828125 0.0515625 0.0771484375
0 0.130078125 0.3212890625 0.051953125 0.05615234375
0 0.17578125 0.3125 0.041015625 0.05029296875
0 0.221484375 0.3125 0.04765625 0.05419921875
0 0.27109375 0.30517578125 0.052734375 0.060546875
0 0.323828125 0.3056640625 0.0609375 0.0654296875
0 0.367578125 0.29833984375 0.0390625 0.041015625
0 0.416015625 0.29541015625 0.0515625 0.05908203125
0 0.46640625 0.2919921875 0.0515625 0.06591796875
0 0.51171875 0.2890625 0.042578125 0.05712890625
0 0.557421875 0.28466796875 0.05 0.05615234375
0 0.601953125 0.27880859375 0.036328125 0.0576171875
0 0.65234375 0.2783203125 0.05390625 0.06298828125
0 0.698046875 0.27587890625 0.044921875 0.0712890625
0 0.7421875 0.27490234375 0.04375 0.080078125
0 0.792578125 0.2763671875 0.0515625 0.0791015625
0 0.84140625 0.2724609375 0.0484375 0.08203125
0 0.88984375 0.27197265625 0.044140625 0.0869140625
0 0.937109375 0.26904296875 0.04609375 0.10205078125
0 0.208203125 0.4033203125 0.0546875 0.05908203125
0 0.156640625 0.41064453125 0.0515625 0.05615234375
0 0.108984375 0.40966796875 0.03984375 0.041015625
0 0.062109375 0.41796875 0.05234375 0.05419921875
0 0.018359375 0.42041015625 0.03359375 0.0576171875
0 0.262890625 0.40234375 0.048828125 0.05078125
0 0.31171875 0.404296875 0.04765625 0.0615234375
0 0.36640625 0.39990234375 0.059765625 0.07421875
0 0.405859375 0.400390625 0.0359375 0.04150390625
0 0.453125 0.39794921875 0.051171875 0.08056640625
0 0.517578125 0.38623046875 0.0265625 0.04150390625
0 0.55390625 0.3837890625 0.051171875 0.0634765625
0 0.603125 0.380859375 0.037109375 0.0517578125
0 0.6453125 0.3857421875 0.045703125 0.0615234375
0 0.6890625 0.37939453125 0.0484375 0.0830078125
0 0.800390625 0.3740234375 0.044140625 0.076171875
0 0.85 0.3720703125 0.051953125 0.0673828125
0 0.8921875 0.3671875 0.04609375 0.0615234375
0 0.946484375 0.36181640625 0.052734375 0.06689453125
0 0.58671875 0.47607421875 0.05078125 0.0556640625
0 0.45078125 0.4921875 0.05078125 0.0556640625
0 0.39296875 0.49267578125 0.03515625 0.05517578125
0 0.351171875 0.494140625 0.032421875 0.0419921875
0 0.298828125 0.5 0.048828125 0.0546875
0 0.199609375 0.50341796875 0.055078125 0.0595703125
0 0.1453125 0.5078125 0.042578125 0.04736328125
0 0.0953125 0.51416015625 0.05390625 0.0546875
0 0.043359375 0.51953125 0.044140625 0.064453125
0 0.078515625 0.6123046875 0.065625 0.0654296875
0 0.178125 0.60400390625 0.047265625 0.06494140625
0 0.228515625 0.6044921875 0.051171875 0.05859375
0 0.329296875 0.59423828125 0.0421875 0.0498046875
0 0.37578125 0.59716796875 0.041796875 0.05224609375
0 0.42578125 0.59326171875 0.037109375 0.0478515625
0 0.475390625 0.58984375 0.0375 0.05078125
0 0.522265625 0.58447265625 0.034375 0.03857421875
0 0.567578125 0.578125 0.04140625 0.06396484375
0 0.696875 0.5771484375 0.033984375 0.0400390625
0 0.752734375 0.57421875 0.031640625 0.04150390625
0 0.8015625 0.57470703125 0.026171875 0.033203125
0 0.8640625 0.5703125 0.0578125 0.0634765625
0 0.915234375 0.56787109375 0.047265625 0.06005859375
0 0.965234375 0.56298828125 0.047265625 0.05322265625
0 0.968359375 0.66748046875 0.030078125 0.04150390625
0 0.92265625 0.67626953125 0.0375 0.04052734375
0 0.880078125 0.67236328125 0.033984375 0.0341796875
0 0.785546875 0.67529296875 0.03125 0.0390625
0 0.743359375 0.67578125 0.0453125 0.0517578125
0 0.6953125 0.681640625 0.0359375 0.04248046875
0 0.65390625 0.681640625 0.03203125 0.03515625
0 0.60703125 0.6875 0.03671875 0.0517578125
0 0.560546875 0.6845703125 0.037109375 0.0478515625
0 0.51328125 0.6923828125 0.03984375 0.05859375
0 0.467578125 0.69287109375 0.040234375 0.05517578125
0 0.373828125 0.69580078125 0.03515625 0.04052734375
0 0.42890625 0.6943359375 0.03515625 0.03076171875
0 0.3265625 0.703125 0.037109375 0.044921875
0 0.280078125 0.7021484375 0.03984375 0.046875
0 0.23515625 0.7041015625 0.0375 0.0419921875
0 0.19140625 0.7080078125 0.04296875 0.05029296875
0 0.147265625 0.7080078125 0.038671875 0.048828125
0 0.101953125 0.70947265625 0.036328125 0.044921875
0 0.113671875 0.80908203125 0.059375 0.0546875
0 0.16796875 0.80859375 0.044140625 0.0517578125
0 0.0625 0.7197265625 0.039453125 0.03125
0 0.083984375 0.91748046875 0.0484375 0.03857421875
0 0.215234375 0.80517578125 0.046875 0.04296875
0 0.2640625 0.796875 0.0390625 0.04443359375
0 0.310546875 0.7998046875 0.03828125 0.0458984375
0 0.355078125 0.79248046875 0.037890625 0.05029296875
0 0.405078125 0.794921875 0.04921875 0.05615234375
0 0.452734375 0.7919921875 0.040625 0.05078125
0 0.5 0.78955078125 0.038671875 0.0498046875
0 0.549609375 0.78955078125 0.044140625 0.0498046875
0 0.601953125 0.7841796875 0.040234375 0.056640625
0 0.653515625 0.78173828125 0.040234375 0.05322265625
0 0.701953125 0.78466796875 0.0453125 0.05078125
0 0.75234375 0.77880859375 0.03984375 0.0439453125
0 0.798828125 0.77099609375 0.026171875 0.03662109375
0 0.837890625 0.765625 0.044140625 0.05126953125
0 0.932421875 0.7626953125 0.03984375 0.048828125
0 0.972265625 0.86279296875 0.038671875 0.05126953125
0 0.930078125 0.86865234375 0.046484375 0.0576171875
0 0.83203125 0.86669921875 0.046875 0.05615234375
0 0.644140625 0.8740234375 0.030078125 0.037109375
0 0.6015625 0.87939453125 0.04296875 0.048828125
0 0.55703125 0.88623046875 0.048828125 0.060546875
0 0.511328125 0.88134765625 0.03984375 0.05078125
0 0.469921875 0.88818359375 0.037890625 0.0478515625
0 0.42109375 0.8935546875 0.034765625 0.03857421875
0 0.377734375 0.89794921875 0.0359375 0.04150390625
0 0.330078125 0.89794921875 0.0359375 0.03662109375
0 0.283984375 0.90185546875 0.04375 0.04052734375
0 0.233984375 0.90283203125 0.04609375 0.0458984375
0 0.188671875 0.90625 0.03515625 0.03466796875
0 0.141015625 0.91259765625 0.04765625 0.0439453125
0 0.689453125 0.87158203125 0.0453125 0.0439453125
0 0.741796875 0.87548828125 0.047265625 0.0595703125
0 0.787109375 0.47705078125 0.0640625 0.0712890625
0 0.686328125 0.47314453125 0.048828125 0.056640625
0 0.881640625 0.466796875 0.0484375 0.04052734375
0 0.92265625 0.466796875 0.036328125 0.046875
0 0.972265625 0.4609375 0.055078125 0.07470703125
0 0.66640625 0.5830078125 0.02265625 0.03515625
0 0.4984375 0.49267578125 0.035546875 0.0439453125
0 0.53984375 0.48486328125 0.03671875 0.03955078125
0 0.640625 0.4853515625 0.03515625 0.04150390625
0 0.730078125 0.47412109375 0.0328125 0.0361328125
0 0.835546875 0.47509765625 0.026953125 0.03515625
0 0.76015625 0.3671875 0.026171875 0.03271484375
0 0.726171875 0.3740234375 0.031640625 0.0361328125
0 0.253515625 0.50537109375 0.031640625 0.03955078125
0 0.87890625 0.87451171875 0.056640625 0.07666015625