0 0.06796875 0.02392578125 0.041015625 0.0458984375
0 0.13359375 0.02734375 0.048046875 0.05419921875
0 0.188671875 0.03125 0.055078125 0.06201171875
0 0.253125 0.0400390625 0.0296875 0.03759765625
0 0.30625 0.0322265625 0.050390625 0.06396484375
0 0.36015625 0.04052734375 0.0453125 0.08056640625
0 0.418359375 0.03955078125 0.0546875 0.078125
0 0.46171875 0.04638671875 0.022265625 0.044921875
0 0.516796875 0.0498046875 0.024609375 0.052734375
0 0.562109375 0.04833984375 0.036328125 0.0654296875
0 0.61171875 0.052734375 0.04140625 0.06396484375
0 0.659375 0.056640625 0.045703125 0.0927734375
0 0.709765625 0.048828125 0.037890625 0.0888671875
0 0.740625 0.0703125 0.025390625 0.07080078125
0 0.78125 0.07421875 0.0453125 0.08447265625
0 0.83046875 0.07861328125 0.03515625 0.09033203125
0 0.880078125 0.07080078125 0.0421875 0.07275390625
0 0.928515625 0.07763671875 0.044921875 0.06201171875
0 0.96953125 0.07958984375 0.035546875 0.0654296875
0 0.840625 0.17578125 0.025 0.04345703125
0 0.9390625 0.1806640625 0.01953125 0.037109375
0 0.9671875 0.1796875 0.032421875 0.06640625
0 0.797265625 0.17138671875 0.026953125 0.05224609375
0 0.7578125 0.15380859375 0.04375 0.09326171875
0 0.71015625 0.15185546875 0.04765625 0.103515625
0 0.655859375 0.15869140625 0.04453125 0.080078125
0 0.608984375 0.14697265625 0.040625 0.09619140625
0 0.561328125 0.1474609375 0.0484375 0.0908203125
0 0.50078125 0.14697265625 0.0546875 0.08984375
0 0.4484375 0.14892578125 0.030078125 0.0625
0 0.3953125 0.14990234375 0.059765625 0.0859375
0 0.33828125 0.14794921875 0.047265625 0.0751953125
0 0.2828125 0.14697265625 0.06015625 0.0751953125
0 0.228515625 0.14453125 0.0453125 0.07666015625
0 0.183984375 0.13720703125 0.03359375 0.05712890625
0 0.126171875 0.13623046875 0.07109375 0.10009765625
0 0.062109375 0.12451171875 0.05703125 0.0908203125
0 0.0171875 0.125 0.033984375 0.076171875
0 0.030859375 0.24365234375 0.061328125 0.06787109375
0 0.088671875 0.24560546875 0.0578125 0.056640625
0 0.154296875 0.240234375 0.0421875 0.0634765625
0 0.205078125 0.24365234375 0.0375 0.04296875
0 0.26484375 0.24072265625 0.05390625 0.0869140625
0 0.323046875 0.25146484375 0.037890625 0.07080078125
0 0.37265625 0.25927734375 0.056640625 0.07275390625
0 0.42734375 0.265625 0.0625 0.0732421875
0 0.482421875 0.2607421875 0.0421875 0.09033203125
0 0.5421875 0.25732421875 0.032421875 0.07177734375
0 0.5984375 0.25 0.042578125 0.0927734375
0 0.646484375 0.2529296875 0.04140625 0.091796875
0 0.699609375 0.2578125 0.03671875 0.09521484375
0 0.748046875 0.263671875 0.04375 0.08056640625
0 0.790234375 0.2587890625 0.046875 0.08544921875
0 0.840234375 0.26904296875 0.035546875 0.0751953125
0 0.891015625 0.27294921875 0.03671875 0.0751953125
0 0.935546875 0.26904296875 0.057421875 0.08544921875
0 0.977734375 0.27880859375 0.031640625 0.06884765625
0 0.865625 0.361328125 0.04765625 0.0888671875
0 0.910546875 0.365234375 0.0421875 0.0908203125
0 0.953125 0.37109375 0.042578125 0.07666015625
0 0.987890625 0.38330078125 0.0234375 0.083984375
0 0.77421875 0.3642578125 0.052734375 0.09765625
0 0.720703125 0.35986328125 0.048828125 0.1005859375
0 0.66953125 0.36083984375 0.049609375 0.1044921875
0 0.61484375 0.365234375 0.046875 0.09521484375
0 0.566015625 0.3701171875 0.0484375 0.08203125
0 0.51328125 0.3671875 0.055078125 0.08349609375
0 0.4671875 0.36474609375 0.031640625 0.056640625
0 0.405859375 0.36962890625 0.050390625 0.0849609375
0 0.354296875 0.36474609375 0.05234375 0.08447265625
0 0.381640625 0.470703125 0.061328125 0.0888671875
0 0.43359375 0.47119140625 0.049609375 0.07275390625
0 0.487109375 0.47021484375 0.040625 0.06396484375
0 0.54140625 0.4755859375 0.053125 0.06787109375
0 0.59296875 0.4755859375 0.04765625 0.06005859375
0 0.644140625 0.4775390625 0.055859375 0.08056640625
0 0.696484375 0.4775390625 0.053515625 0.064453125
0 0.74609375 0.48095703125 0.03984375 0.0517578125
0 0.7828125 0.47119140625 0.030859375 0.064453125
0 0.8390625 0.4677734375 0.0390625 0.078125
0 0.883203125 0.46435546875 0.03984375 0.07958984375
0 0.918359375 0.46728515625 0.03046875 0.0830078125
0 0.9609375 0.46826171875 0.0515625 0.09228515625
0 0.912890625 0.57763671875 0.05234375 0.05712890625
0 0.9671875 0.580078125 0.038671875 0.05029296875
0 0.86015625 0.58837890625 0.0484375 0.0478515625
0 0.76328125 0.578125 0.053125 0.05419921875
0 0.71171875 0.572265625 0.024609375 0.04833984375
0 0.669140625 0.5654296875 0.0359375 0.0732421875
0 0.619921875 0.56982421875 0.044140625 0.06884765625
0 0.565625 0.5751953125 0.056640625 0.06689453125
0 0.5140625 0.5791015625 0.052734375 0.0712890625
0 0.883984375 0.66552734375 0.035546875 0.0595703125
0 0.8359375 0.66552734375 0.049609375 0.06884765625
0 0.78359375 0.6708984375 0.0515625 0.07177734375
0 0.737109375 0.6689453125 0.04296875 0.06787109375
0 0.6890625 0.66845703125 0.050390625 0.06591796875
0 0.637109375 0.66943359375 0.051953125 0.07177734375
0 0.5875 0.6708984375 0.052734375 0.06591796875
0 0.534375 0.666015625 0.04609375 0.07080078125
0 0.486328125 0.6650390625 0.040625 0.06982421875
0 0.4359375 0.66455078125 0.057421875 0.09814453125
0 0.378515625 0.67041015625 0.055078125 0.09521484375
0 0.3234375 0.67333984375 0.0515625 0.1015625
0 0.26953125 0.66650390625 0.0546875 0.0771484375
0 0.218359375 0.66796875 0.04609375 0.08544921875
0 0.16796875 0.66845703125 0.051171875 0.07421875
0 0.114453125 0.6728515625 0.055859375 0.0791015625
0 0.05859375 0.66845703125 0.053125 0.07421875
0 0.08046875 0.76220703125 0.045703125 0.04931640625
0 0.701953125 0.7568359375 0.0515625 0.08984375
0 0.653515625 0.75830078125 0.0546875 0.10546875
0 0.601171875 0.763671875 0.051171875 0.10888671875
0 0.551953125 0.76904296875 0.049609375 0.10693359375
0 0.5390625 0.861328125 0.028125 0.0625
0 0.489453125 0.86279296875 0.04375 0.09375
0 0.4375 0.87744140625 0.044140625 0.0693359375
0 0.387890625 0.88427734375 0.0484375 0.08447265625
0 0.33515625 0.88232421875 0.0515625 0.080078125
0 0.283203125 0.884765625 0.053125 0.08154296875
0 0.2875 0.77685546875 0.0546875 0.087890625
0 0.341015625 0.78271484375 0.0515625 0.08984375
0 0.396484375 0.78369140625 0.051171875 0.09228515625
0 0.44921875 0.77880859375 0.045703125 0.08544921875
0 0.50078125 0.77294921875 0.044140625 0.06787109375
0 0.71328125 0.86083984375 0.032421875 0.05712890625
0 0.674609375 0.87060546875 0.0484375 0.087890625
0 0.627734375 0.87890625 0.040625 0.06787109375
0 0.582421875 0.87890625 0.049609375 0.07177734375
0 0.75 0.77392578125 0.063671875 0.0654296875
0 0.800390625 0.7783203125 0.059375 0.072265625
0 0.853125 0.76708984375 0.050390625 0.1005859375
0 0.897265625 0.763671875 0.03359375 0.09765625
0 0.94609375 0.75830078125 0.04453125 0.095703125
0 0.928515625 0.6689453125 0.0453125 0.06298828125
0 0.97734375 0.66943359375 0.02578125 0.0615234375
0 0.983984375 0.7783203125 0.03125 0.087890625
0 0.23046875 0.77685546875 0.053515625 0.08349609375
0 0.176953125 0.77734375 0.048828125 0.09130859375
0 0.126953125 0.77392578125 0.044921875 0.08154296875
0 0.028515625 0.76904296875 0.056640625 0.0595703125
0 0.09375 0.57080078125 0.0546875 0.04833984375
0 0.031640625 0.56787109375 0.06015625 0.04833984375
0 0.201171875 0.56884765625 0.051953125 0.05908203125
0 0.253125 0.578125 0.051171875 0.068359375
0 0.30390625 0.58056640625 0.05546875 0.07275390625
0 0.359375 0.57958984375 0.065625 0.078125
0 0.462890625 0.576171875 0.04921875 0.06982421875
0 0.315234375 0.4677734375 0.046875 0.0693359375
0 0.254296875 0.46337890625 0.053125 0.064453125
0 0.196484375 0.46484375 0.0546875 0.05859375
0 0.13984375 0.46435546875 0.049609375 0.05810546875
0 0.08515625 0.4609375 0.059765625 0.06396484375
0 0.02890625 0.46044921875 0.057421875 0.0751953125
0 0.0359375 0.3515625 0.051953125 0.04833984375
0 0.0890625 0.3564453125 0.046875 0.05517578125
0 0.14296875 0.36083984375 0.0546875 0.076171875
0 0.193359375 0.35986328125 0.0578125 0.07080078125
0 0.24609375 0.36328125 0.059375 0.0703125
0 0.30078125 0.36279296875 0.05625 0.08251953125
0 0.80546875 0.8779296875 0.05234375 0.08544921875
0 0.857421875 0.88134765625 0.050390625 0.078125
0 0.903125 0.8857421875 0.037109375 0.07763671875
0 0.94140625 0.8837890625 0.049609375 0.05908203125
0 0.98125 0.87060546875 0.032421875 0.07080078125
0 0.23125 0.87451171875 0.044140625 0.103515625
0 0.175390625 0.8828125 0.05390625 0.09521484375
0 0.116796875 0.8828125 0.048828125 0.111328125
0 0.064453125 0.88037109375 0.05 0.10791015625
0 0.01796875 0.87890625 0.03515625 0.09716796875