0 0.055859375 0.140625 0.021484375 0.03515625
0 0.091015625 0.138671875 0.0234375 0.03271484375
0 0.126171875 0.1435546875 0.025 0.03515625
0 0.1671875 0.13916015625 0.02890625 0.0390625
0 0.0453125 0.068359375 0.02421875 0.0400390625
0 0.0828125 0.06787109375 0.026171875 0.029296875
0 0.12421875 0.068359375 0.022265625 0.0361328125
0 0.159375 0.0703125 0.026171875 0.04345703125
0 0.20234375 0.068359375 0.025390625 0.0458984375
0 0.244921875 0.06591796875 0.028125 0.0576171875
0 0.28515625 0.068359375 0.0328125 0.05224609375
0 0.330078125 0.0673828125 0.03515625 0.0546875
0 0.375 0.068359375 0.03515625 0.0576171875
0 0.486328125 0.0537109375 0.026171875 0.06103515625
0 0.5734375 0.04931640625 0.026953125 0.0634765625
0 0.61484375 0.04638671875 0.03125 0.06982421875
0 0.695703125 0.04736328125 0.026953125 0.068359375
0 0.657421875 0.060546875 0.008984375 0.02587890625
0 0.74296875 0.044921875 0.009765625 0.0380859375
0 0.780859375 0.04248046875 0.0234375 0.06201171875
0 0.826953125 0.04296875 0.02109375 0.0576171875
0 0.86640625 0.04443359375 0.028125 0.05322265625
0 0.90859375 0.04052734375 0.015625 0.04931640625
0 0.9390625 0.1328125 0.023046875 0.04248046875
0 0.894921875 0.13525390625 0.030078125 0.056640625
0 0.8515625 0.1396484375 0.0328125 0.05126953125
0 0.811328125 0.1357421875 0.0203125 0.048828125
0 0.773046875 0.13916015625 0.037109375 0.05859375
0 0.73828125 0.14306640625 0.034765625 0.06640625
0 0.696875 0.14404296875 0.028125 0.07080078125
0 0.66171875 0.1435546875 0.029296875 0.07421875
0 0.624609375 0.1484375 0.033203125 0.07763671875
0 0.59140625 0.14453125 0.026171875 0.0771484375
0 0.5546875 0.13720703125 0.03203125 0.06201171875
0 0.51015625 0.14404296875 0.030859375 0.076171875
0 0.472265625 0.150390625 0.033203125 0.07763671875
0 0.43125 0.14111328125 0.04296875 0.07177734375
0 0.3640625 0.1484375 0.03671875 0.06103515625
0 0.319921875 0.1484375 0.03203125 0.0556640625
0 0.283203125 0.14111328125 0.019140625 0.0380859375
0 0.044921875 0.24658203125 0.03125 0.0556640625
0 0.090625 0.2431640625 0.030859375 0.0478515625
0 0.13828125 0.2373046875 0.019140625 0.0263671875
0 0.184375 0.23974609375 0.0390625 0.0478515625
0 0.226953125 0.234375 0.026171875 0.03515625
0 0.26875 0.23828125 0.025 0.06201171875
0 0.312890625 0.236328125 0.028125 0.05859375
0 0.35234375 0.24169921875 0.025 0.04931640625
0 0.366015625 0.33837890625 0.025 0.046875
0 0.3265625 0.3310546875 0.026953125 0.05322265625
0 0.287109375 0.333984375 0.022265625 0.0380859375
0 0.24765625 0.3330078125 0.0328125 0.046875
0 0.20859375 0.3359375 0.026171875 0.044921875
0 0.045703125 0.341796875 0.02734375 0.0458984375
0 0.090234375 0.3388671875 0.037890625 0.05126953125
0 0.13046875 0.341796875 0.025390625 0.046875
0 0.04296875 0.43310546875 0.022265625 0.0400390625
0 0.08125 0.43408203125 0.02421875 0.05029296875
0 0.125 0.43603515625 0.025 0.048828125
0 0.161328125 0.4404296875 0.026171875 0.05419921875
0 0.196875 0.4404296875 0.0359375 0.05029296875
0 0.281640625 0.43408203125 0.018359375 0.05029296875
0 0.360546875 0.43408203125 0.025390625 0.0576171875
0 0.399609375 0.43212890625 0.02421875 0.06298828125
0 0.442578125 0.43994140625 0.030078125 0.06201171875
0 0.48125 0.43359375 0.025390625 0.0478515625
0 0.414453125 0.3359375 0.030078125 0.0576171875
0 0.451953125 0.3349609375 0.023046875 0.05908203125
0 0.490625 0.341796875 0.019140625 0.06298828125
0 0.533984375 0.34033203125 0.02890625 0.0576171875
0 0.566015625 0.330078125 0.01953125 0.0458984375
0 0.607421875 0.3388671875 0.023046875 0.05322265625
0 0.56171875 0.43115234375 0.02421875 0.05126953125
0 0.603125 0.431640625 0.0203125 0.04931640625
0 0.591015625 0.22802734375 0.0203125 0.05029296875
0 0.640625 0.23193359375 0.012890625 0.0634765625
0 0.6890625 0.228515625 0.019140625 0.056640625
0 0.72734375 0.228515625 0.022265625 0.04052734375
0 0.77734375 0.23583984375 0.0109375 0.046875
0 0.829296875 0.2421875 0.01953125 0.0576171875
0 0.869921875 0.24560546875 0.02109375 0.0576171875
0 0.648828125 0.34228515625 0.026953125 0.06201171875
0 0.6859375 0.33984375 0.02421875 0.06201171875
0 0.726953125 0.33740234375 0.02421875 0.05419921875
0 0.76484375 0.34228515625 0.01953125 0.06201171875
0 0.805859375 0.33740234375 0.02890625 0.05419921875
0 0.848046875 0.3427734375 0.021484375 0.06298828125
0 0.8890625 0.33642578125 0.0125 0.02490234375
0 0.933984375 0.33056640625 0.02109375 0.046875
0 0.9765625 0.33984375 0.0234375 0.05322265625
0 0.92578125 0.22900390625 0.034765625 0.07958984375
0 0.9734375 0.236328125 0.041015625 0.07958984375
0 0.976953125 0.43310546875 0.037890625 0.07861328125
0 0.888671875 0.43310546875 0.041015625 0.0732421875
0 0.846875 0.431640625 0.03203125 0.068359375
0 0.805078125 0.43603515625 0.033984375 0.0732421875
0 0.765625 0.4326171875 0.030859375 0.0634765625
0 0.724609375 0.42919921875 0.030859375 0.056640625
0 0.687109375 0.439453125 0.0328125 0.064453125
0 0.64375 0.43408203125 0.0328125 0.064453125
0 0.446875 0.2451171875 0.029296875 0.08154296875
0 0.50078125 0.2470703125 0.03671875 0.0654296875
0 0.56015625 0.22900390625 0.012890625 0.02294921875
0 0.945703125 0.04931640625 0.018359375 0.0380859375
0 0.98515625 0.04052734375 0.018359375 0.03173828125
0 0.41328125 0.0498046875 0.023046875 0.02587890625
0 0.089453125 0.5322265625 0.02734375 0.0576171875
0 0.04375 0.53662109375 0.01953125 0.05224609375
0 0.133203125 0.53125 0.030078125 0.03466796875
0 0.18203125 0.53369140625 0.0359375 0.05322265625
0 0.225 0.53564453125 0.038671875 0.05029296875
0 0.267578125 0.53564453125 0.025390625 0.046875
0 0.30859375 0.53466796875 0.026171875 0.0478515625
0 0.346875 0.54052734375 0.019140625 0.03173828125
0 0.38984375 0.53857421875 0.019140625 0.05029296875
0 0.433203125 0.54052734375 0.033984375 0.0654296875
0 0.474609375 0.5361328125 0.03671875 0.04931640625
0 0.51796875 0.53662109375 0.028125 0.05224609375
0 0.55703125 0.5341796875 0.02890625 0.0576171875
0 0.012109375 0.53857421875 0.023046875 0.029296875
0 0.022265625 0.63916015625 0.02890625 0.046875
0 0.0796875 0.63623046875 0.045703125 0.03369140625
0 0.136328125 0.63427734375 0.029296875 0.0361328125
0 0.188671875 0.6357421875 0.028125 0.0361328125
0 0.225 0.63427734375 0.019140625 0.02587890625
0 0.26953125 0.64013671875 0.044921875 0.046875
0 0.316015625 0.64404296875 0.03203125 0.048828125
0 0.360546875 0.63818359375 0.025390625 0.04443359375
0 0.408984375 0.6396484375 0.02421875 0.04248046875
0 0.452734375 0.63916015625 0.025390625 0.044921875
0 0.49375 0.642578125 0.023046875 0.037109375
0 0.537109375 0.6337890625 0.022265625 0.04443359375
0 0.58515625 0.6455078125 0.029296875 0.05908203125
0 0.625 0.64208984375 0.03203125 0.05029296875
0 0.65 0.52685546875 0.02421875 0.044921875
0 0.6921875 0.52734375 0.030078125 0.04248046875
0 0.72578125 0.53076171875 0.0109375 0.02294921875
0 0.71875 0.63818359375 0.017578125 0.05322265625
0 0.669140625 0.6337890625 0.026171875 0.037109375
0 0.8125 0.5322265625 0.025 0.046875
0 0.759765625 0.62890625 0.01640625 0.03466796875
0 0.769921875 0.53564453125 0.010546875 0.02587890625
0 0.60390625 0.53955078125 0.022265625 0.0361328125
0 0.853125 0.54150390625 0.0234375 0.05859375
0 0.896484375 0.541015625 0.046484375 0.0732421875
0 0.941796875 0.5380859375 0.0390625 0.06201171875
0 0.9828125 0.53515625 0.0328125 0.07275390625
0 0.978515625 0.6337890625 0.03125 0.05322265625
0 0.9359375 0.6396484375 0.03515625 0.0634765625
0 0.89375 0.63720703125 0.02421875 0.0654296875
0 0.85 0.634765625 0.03203125 0.05029296875
0 0.8078125 0.64013671875 0.02890625 0.048828125
0 0.008984375 0.72802734375 0.0171875 0.0361328125
0 0.090625 0.724609375 0.041015625 0.04248046875
0 0.083203125 0.82421875 0.029296875 0.04150390625
0 0.04765625 0.93408203125 0.03515625 0.05029296875
0 0.09296875 0.93603515625 0.0328125 0.05419921875
0 0.038671875 0.8251953125 0.014453125 0.02587890625
0 0.126953125 0.82568359375 0.01640625 0.0263671875
0 0.0484375 0.7197265625 0.01953125 0.0185546875
0 0.209765625 0.837890625 0.02109375 0.0458984375
0 0.168359375 0.83056640625 0.029296875 0.046875
0 0.162109375 0.72314453125 0.041796875 0.04931640625
0 0.2171875 0.72900390625 0.030859375 0.05126953125
0 0.252734375 0.73388671875 0.017578125 0.02734375
0 0.2875 0.7294921875 0.03671875 0.05419921875
0 0.327734375 0.73486328125 0.028125 0.048828125
0 0.375390625 0.736328125 0.028125 0.04052734375
0 0.41484375 0.73388671875 0.030078125 0.04345703125
0 0.460546875 0.73193359375 0.023046875 0.04443359375
0 0.498828125 0.73583984375 0.026171875 0.044921875
0 0.544921875 0.7353515625 0.0234375 0.04248046875
0 0.5828125 0.73779296875 0.026953125 0.0556640625
0 0.621484375 0.73046875 0.01953125 0.0400390625
0 0.66328125 0.732421875 0.03125 0.05029296875
0 0.702734375 0.7333984375 0.0328125 0.05908203125
0 0.737890625 0.73291015625 0.02734375 0.04443359375
0 0.77734375 0.7216796875 0.01640625 0.0361328125
0 0.819140625 0.72900390625 0.03203125 0.04931640625
0 0.8578125 0.7265625 0.028125 0.0478515625
0 0.90078125 0.7333984375 0.030078125 0.064453125
0 0.941015625 0.72265625 0.037109375 0.04345703125
0 0.974609375 0.7265625 0.0328125 0.06005859375
0 0.976953125 0.84375 0.025390625 0.0380859375
0 0.930859375 0.8271484375 0.026953125 0.03271484375
0 0.87734375 0.84326171875 0.033203125 0.0654296875
0 0.837109375 0.8349609375 0.025 0.048828125
0 0.7921875 0.83447265625 0.026171875 0.056640625
0 0.75546875 0.83642578125 0.0390625 0.056640625
0 0.70703125 0.83740234375 0.04453125 0.056640625
0 0.66484375 0.826171875 0.01953125 0.03466796875
0 0.618359375 0.83837890625 0.03125 0.05029296875
0 0.575390625 0.8232421875 0.019140625 0.0302734375
0 0.526953125 0.82861328125 0.03671875 0.0576171875
0 0.490625 0.83251953125 0.028125 0.046875
0 0.439453125 0.8349609375 0.034765625 0.0556640625
0 0.39609375 0.82373046875 0.022265625 0.03369140625
0 0.353125 0.8330078125 0.026953125 0.04150390625
0 0.307421875 0.83056640625 0.03203125 0.03271484375
0 0.135546875 0.935546875 0.029296875 0.0546875
0 0.18046875 0.94384765625 0.02890625 0.046875
0 0.22109375 0.935546875 0.03515625 0.06201171875
0 0.269140625 0.94189453125 0.028125 0.064453125
0 0.3125 0.93115234375 0.026171875 0.05126953125
0 0.362890625 0.93505859375 0.0203125 0.02392578125
0 0.398828125 0.9423828125 0.030078125 0.05126953125
0 0.440625 0.93896484375 0.037890625 0.06201171875
0 0.491796875 0.93310546875 0.026953125 0.05419921875
0 0.5296875 0.93701171875 0.034765625 0.0654296875
0 0.619140625 0.9365234375 0.029296875 0.04248046875
0 0.66328125 0.93896484375 0.033984375 0.05859375
0 0.704296875 0.9443359375 0.029296875 0.05126953125
0 0.753125 0.9423828125 0.033203125 0.06201171875
0 0.798046875 0.93994140625 0.026171875 0.0546875
0 0.8484375 0.93408203125 0.022265625 0.04150390625
0 0.8890625 0.94580078125 0.030078125 0.0576171875
0 0.9390625 0.94775390625 0.030078125 0.05126953125
0 0.98046875 0.9443359375 0.02734375 0.05322265625
0 0.57578125 0.92626953125 0.010546875 0.01513671875