0 0.040234375 0.1279296875 0.019140625 0.03076171875
0 0.11484375 0.126953125 0.02109375 0.04150390625
0 0.1609375 0.1201171875 0.0078125 0.0087890625
0 0.205859375 0.11865234375 0.025 0.03369140625
0 0.244921875 0.11572265625 0.015625 0.029296875
0 0.291796875 0.11083984375 0.01640625 0.02734375
0 0.331640625 0.10888671875 0.00703125 0.01220703125
0 0.365625 0.11083984375 0.0109375 0.0185546875
0 0.403515625 0.10400390625 0.021484375 0.029296875
0 0.44609375 0.1015625 0.009765625 0.02294921875
0 0.487109375 0.1083984375 0.0078125 0.01318359375
0 0.52890625 0.10498046875 0.009765625 0.0205078125
0 0.57265625 0.10791015625 0.025 0.04248046875
0 0.616796875 0.10009765625 0.019140625 0.0263671875
0 0.6640625 0.10498046875 0.018359375 0.0400390625
0 0.7078125 0.10107421875 0.022265625 0.04248046875
0 0.7515625 0.095703125 0.0171875 0.04052734375
0 0.79140625 0.09765625 0.01953125 0.0361328125
0 0.834765625 0.09521484375 0.01953125 0.0380859375
0 0.875 0.09228515625 0.025 0.03076171875
0 0.921484375 0.08935546875 0.022265625 0.0458984375
0 0.965625 0.09033203125 0.00859375 0.01220703125
0 0.958984375 0.22998046875 0.019140625 0.0283203125
0 0.919921875 0.2265625 0.021484375 0.037109375
0 0.87890625 0.22412109375 0.00703125 0.01513671875
0 0.835546875 0.2275390625 0.026953125 0.03173828125
0 0.758984375 0.22705078125 0.025390625 0.044921875
0 0.79453125 0.22802734375 0.0203125 0.03466796875
0 0.709375 0.232421875 0.02421875 0.0361328125
0 0.635546875 0.23681640625 0.026953125 0.04345703125
0 0.67109375 0.23291015625 0.021484375 0.03369140625
0 0.55078125 0.24267578125 0.021484375 0.04052734375
0 0.5140625 0.24072265625 0.025390625 0.03515625
0 0.434375 0.2431640625 0.029296875 0.04345703125
0 0.471484375 0.24365234375 0.025390625 0.0361328125
0 0.357421875 0.2431640625 0.01953125 0.03173828125
0 0.316015625 0.24755859375 0.017578125 0.02734375
0 0.276953125 0.251953125 0.01484375 0.02587890625
0 0.238671875 0.248046875 0.02109375 0.029296875
0 0.203125 0.2509765625 0.025390625 0.03076171875
0 0.1609375 0.25244140625 0.02109375 0.0302734375
0 0.114453125 0.2568359375 0.02109375 0.02587890625
0 0.07890625 0.25830078125 0.02734375 0.037109375
0 0.0359375 0.255859375 0.0171875 0.02490234375
0 0.00703125 0.25634765625 0.0125 0.0380859375
0 0.0609375 0.3798828125 0.019140625 0.03369140625
0 0.1046875 0.375 0.01953125 0.03515625
0 0.149609375 0.3798828125 0.014453125 0.0302734375
0 0.196875 0.3779296875 0.0171875 0.02294921875
0 0.24453125 0.373046875 0.02109375 0.02734375
0 0.281640625 0.3681640625 0.01171875 0.02099609375
0 0.330078125 0.36572265625 0.01171875 0.0205078125
0 0.3328125 0.50048828125 0.017578125 0.0361328125
0 0.29921875 0.50048828125 0.0171875 0.029296875
0 0.264453125 0.5 0.01484375 0.0283203125
0 0.230859375 0.4990234375 0.021484375 0.0302734375
0 0.194921875 0.50244140625 0.017578125 0.029296875
0 0.160546875 0.50048828125 0.026953125 0.0380859375
0 0.115625 0.5009765625 0.01953125 0.03369140625
0 0.07890625 0.5029296875 0.025390625 0.03271484375
0 0.036328125 0.50390625 0.0125 0.02197265625
0 0.0046875 0.50732421875 0.0078125 0.0361328125
0 0.026171875 0.62060546875 0.018359375 0.03076171875
0 0.0640625 0.6201171875 0.018359375 0.03173828125
0 0.096875 0.6220703125 0.02421875 0.03515625
0 0.13125 0.6220703125 0.02109375 0.03369140625
0 0.169140625 0.6240234375 0.017578125 0.03369140625
0 0.2046875 0.619140625 0.015625 0.03271484375
0 0.242578125 0.61865234375 0.018359375 0.03369140625
0 0.2828125 0.6162109375 0.0203125 0.03466796875
0 0.312890625 0.61474609375 0.017578125 0.03271484375
0 0.352734375 0.6142578125 0.009765625 0.01220703125
0 0.3875 0.61572265625 0.0234375 0.03466796875
0 0.3671875 0.50244140625 0.017578125 0.0263671875
0 0.398828125 0.501953125 0.023046875 0.03369140625
0 0.4359375 0.50244140625 0.022265625 0.03271484375
0 0.473046875 0.5 0.017578125 0.03515625
0 0.4234375 0.61474609375 0.0234375 0.0380859375
0 0.456640625 0.6162109375 0.017578125 0.0380859375
0 0.49296875 0.61572265625 0.023046875 0.037109375
0 0.539453125 0.49072265625 0.0125 0.0205078125
0 0.53046875 0.61328125 0.0203125 0.03515625
0 0.576953125 0.49462890625 0.018359375 0.03173828125
0 0.65859375 0.48681640625 0.0203125 0.03515625
0 0.61484375 0.49609375 0.012890625 0.0185546875
0 0.568359375 0.6162109375 0.017578125 0.03466796875
0 0.603125 0.61279296875 0.01953125 0.03076171875
0 0.64375 0.60888671875 0.018359375 0.03173828125
0 0.68203125 0.60498046875 0.01484375 0.0361328125
0 0.715625 0.6044921875 0.0171875 0.0263671875
0 0.75 0.59912109375 0.023046875 0.03369140625
0 0.81875 0.4853515625 0.017578125 0.02392578125
0 0.73984375 0.48828125 0.022265625 0.03173828125
0 0.780859375 0.4873046875 0.01484375 0.02587890625
0 0.85625 0.4833984375 0.02109375 0.0302734375
0 0.903125 0.4814453125 0.0203125 0.0302734375
0 0.944921875 0.4794921875 0.0203125 0.0263671875
0 0.978515625 0.4765625 0.022265625 0.029296875
0 0.976171875 0.591796875 0.01640625 0.0263671875
0 0.94375 0.5966796875 0.010546875 0.017578125
0 0.78828125 0.5986328125 0.01171875 0.02587890625
0 0.82734375 0.6025390625 0.018359375 0.0302734375
0 0.86484375 0.60009765625 0.015625 0.0302734375
0 0.902734375 0.59814453125 0.018359375 0.04052734375
0 0.9875 0.71923828125 0.01171875 0.02587890625
0 0.91171875 0.71630859375 0.0171875 0.02392578125
0 0.8734375 0.716796875 0.019140625 0.02294921875
0 0.83125 0.71923828125 0.014453125 0.02294921875
0 0.790234375 0.716796875 0.01171875 0.0283203125
0 0.74765625 0.72119140625 0.015625 0.0263671875
0 0.6640625 0.72412109375 0.0171875 0.04345703125
0 0.62109375 0.72802734375 0.019140625 0.02392578125
0 0.57734375 0.7294921875 0.017578125 0.029296875
0 0.5375 0.72998046875 0.013671875 0.0263671875
0 0.498828125 0.734375 0.01171875 0.02099609375
0 0.458203125 0.73388671875 0.0171875 0.02392578125
0 0.415625 0.73291015625 0.018359375 0.0263671875
0 0.333203125 0.7333984375 0.0234375 0.0400390625
0 0.298828125 0.728515625 0.0171875 0.0263671875
0 0.259375 0.72802734375 0.01953125 0.02392578125
0 0.18515625 0.73388671875 0.013671875 0.02392578125
0 0.144921875 0.7314453125 0.010546875 0.0205078125
0 0.098828125 0.72900390625 0.01484375 0.017578125
0 0.01875 0.72998046875 0.0203125 0.0302734375
0 0.062890625 0.728515625 0.0078125 0.0087890625
0 0.041796875 0.830078125 0.0171875 0.02294921875
0 0.099609375 0.83447265625 0.01484375 0.01953125
0 0.168359375 0.83251953125 0.01484375 0.0263671875
0 0.130859375 0.8369140625 0.014453125 0.0205078125
0 0.008984375 0.8330078125 0.0171875 0.0166015625
0 0.198828125 0.8330078125 0.0109375 0.01513671875
0 0.266015625 0.828125 0.01171875 0.02099609375
0 0.326953125 0.830078125 0.0109375 0.0087890625
0 0.29609375 0.8310546875 0.01171875 0.01220703125
0 0.23515625 0.82958984375 0.0109375 0.02392578125
0 0.36171875 0.83447265625 0.017578125 0.02294921875
0 0.39609375 0.8310546875 0.01171875 0.01953125
0 0.425390625 0.8310546875 0.008984375 0.02099609375
0 0.46640625 0.830078125 0.013671875 0.017578125
0 0.50859375 0.82421875 0.012890625 0.02734375
0 0.55078125 0.828125 0.01484375 0.0263671875
0 0.581640625 0.8271484375 0.015625 0.02734375
0 0.623046875 0.8251953125 0.012890625 0.02587890625
0 0.662890625 0.8232421875 0.014453125 0.0263671875
0 0.696484375 0.82470703125 0.017578125 0.02099609375
0 0.73671875 0.82421875 0.014453125 0.02587890625
0 0.769140625 0.818359375 0.010546875 0.02099609375
0 0.798828125 0.82275390625 0.01484375 0.029296875
0 0.838671875 0.82177734375 0.014453125 0.0185546875
0 0.86484375 0.82080078125 0.014453125 0.02734375
0 0.898046875 0.81982421875 0.015625 0.02587890625
0 0.930859375 0.818359375 0.0203125 0.029296875
0 0.966015625 0.81787109375 0.01953125 0.0283203125
0 0.980859375 0.92236328125 0.009765625 0.02490234375
0 0.94453125 0.92138671875 0.01953125 0.0302734375
0 0.90390625 0.92431640625 0.0171875 0.0205078125
0 0.82109375 0.9248046875 0.01484375 0.02490234375
0 0.7453125 0.9267578125 0.0125 0.0205078125
0 0.7078125 0.93115234375 0.015625 0.03369140625
0 0.670703125 0.92822265625 0.015625 0.02490234375
0 0.625390625 0.92431640625 0.01953125 0.02587890625
0 0.547265625 0.93505859375 0.013671875 0.0205078125
0 0.508984375 0.93603515625 0.014453125 0.02392578125
0 0.470703125 0.93603515625 0.015625 0.02392578125
0 0.434375 0.93896484375 0.0109375 0.02294921875
0 0.3890625 0.93212890625 0.0109375 0.0185546875
0 0.355078125 0.93408203125 0.015625 0.02392578125
0 0.291796875 0.931640625 0.00859375 0.0205078125
0 0.2546875 0.935546875 0.00859375 0.02490234375
0 0.22109375 0.9345703125 0.0109375 0.01611328125
0 0.191796875 0.9375 0.0125 0.0205078125
0 0.15546875 0.9384765625 0.014453125 0.0205078125
0 0.119140625 0.93408203125 0.01640625 0.02734375
0 0.32578125 0.93310546875 0.0109375 0.0185546875
0 0.78828125 0.927734375 0.018359375 0.0166015625
0 0.86015625 0.9287109375 0.01171875 0.0166015625
0 0.996484375 0.82080078125 0.005859375 0.01513671875
0 0.705859375 0.71923828125 0.0078125 0.01171875
0 0.9453125 0.7099609375 0.0125 0.0087890625
0 0.37890625 0.72998046875 0.01484375 0.01416015625
0 0.22734375 0.73876953125 0.0078125 0.0087890625
0 0.08359375 0.93603515625 0.014453125 0.02587890625
0 0.05 0.9365234375 0.00859375 0.01953125
0 0.015234375 0.9326171875 0.005859375 0.02490234375
0 0.960546875 0.3515625 0.01484375 0.03173828125
0 0.915234375 0.35400390625 0.00859375 0.0087890625
0 0.871484375 0.35302734375 0.01484375 0.03369140625
0 0.829296875 0.3564453125 0.018359375 0.0263671875
0 0.73671875 0.359375 0.0171875 0.02294921875
0 0.651171875 0.35498046875 0.014453125 0.0263671875
0 0.691796875 0.357421875 0.00859375 0.01220703125
0 0.607421875 0.361328125 0.00859375 0.02392578125
0 0.564453125 0.36767578125 0.01484375 0.0205078125
0 0.51328125 0.36669921875 0.017578125 0.03076171875
0 0.462890625 0.36474609375 0.018359375 0.01611328125
0 0.41875 0.3720703125 0.021484375 0.03271484375
0 0.37421875 0.3701171875 0.023046875 0.03369140625